# iteration    cost = 1 - F_e
# Nlayers = 4, r_target = 0.6, cutoffA = 10, cutoffB = 2
       0   7.853278875266e-01
       1   7.017045619911e-01
       2   6.984844891673e-01
       3   6.928803825118e-01
       4   6.862767919263e-01
       5   6.856221988525e-01
       6   6.852788014527e-01
       7   6.850318886910e-01
       8   6.848538499819e-01
       9   6.845161416120e-01
      10   6.820010347347e-01
      11   6.804775661435e-01
      12   6.776322819488e-01
      13   6.729310577676e-01
      14   6.656790233851e-01
      15   6.527146247871e-01
      16   6.292432520729e-01
      17   5.919957229474e-01
      18   5.796569294990e-01
      19   5.590225499610e-01
      20   5.311745960975e-01
      21   5.228428579157e-01
      22   5.194809158959e-01
      23   5.152323340792e-01
      24   5.138827501970e-01
      25   5.127605342819e-01
      26   5.119944880018e-01
      27   5.114278316967e-01
      28   5.111277074160e-01
      29   5.109879777883e-01
      30   5.108559804455e-01
      31   5.107260589137e-01
      32   5.106521751799e-01
      33   5.106272743029e-01
      34   5.106170887481e-01
      35   5.106119927236e-01
      36   5.106092315820e-01
      37   5.106071348989e-01
      38   5.106051316872e-01
      39   5.106036328984e-01
      40   5.106029665598e-01
      41   5.106028216005e-01
      42   5.106028003699e-01
      43   5.106027931341e-01
      44   5.106027877343e-01
      45   5.106027857321e-01
      46   5.106027853923e-01
