# iteration    cost = 1 - F_e
# Nlayers = 9, r_target = 0.6, cutoffA = 10, cutoffB = 2
       0   9.471130042356e-01
       1   9.196149445693e-01
       2   8.866958367272e-01
       3   8.652856285787e-01
       4   8.268905919297e-01
       5   8.040742133434e-01
       6   8.027039565438e-01
       7   8.008515819907e-01
       8   7.991035936822e-01
       9   7.973643520197e-01
      10   7.959947579738e-01
      11   7.948273380652e-01
      12   7.934511093091e-01
      13   7.910222108603e-01
      14   7.868905194435e-01
      15   7.817445152527e-01
      16   7.719872589019e-01
      17   7.621442006162e-01
      18   7.450188703075e-01
      19   7.182655987280e-01
      20   6.831745142765e-01
      21   6.448026122864e-01
      22   6.147828334906e-01
      23   5.797615886295e-01
      24   5.289220243018e-01
      25   4.718038497799e-01
      26   4.440120898440e-01
      27   4.013375743098e-01
      28   3.335941233653e-01
      29   2.639491567439e-01
      30   2.289177214427e-01
      31   1.752532273947e-01
      32   1.271823070983e-01
      33   1.049311916080e-01
      34   9.846054189254e-02
      35   8.700267198221e-02
      36   6.846971767128e-02
      37   5.731649392270e-02
      38   4.879870918717e-02
      39   4.596093153391e-02
      40   4.138240200087e-02
      41   3.537741994592e-02
      42   3.349523799568e-02
      43   3.047250711129e-02
      44   2.745343121339e-02
      45   2.631469428692e-02
      46   2.495231659564e-02
      47   2.436247100991e-02
      48   2.397406770300e-02
      49   2.368239569891e-02
      50   2.332355854978e-02
      51   2.302963882905e-02
      52   2.269839201074e-02
      53   2.228739414910e-02
      54   2.192607745212e-02
      55   2.167469990336e-02
      56   2.151134736609e-02
      57   2.133268935379e-02
      58   2.108794286739e-02
      59   2.068115676029e-02
      60   2.006764761547e-02
      61   1.921496988766e-02
      62   1.783472306994e-02
      63   1.638672365773e-02
      64   1.457088045575e-02
      65   1.317889078089e-02
      66   1.127265938697e-02
      67   1.010898809860e-02
      68   9.234296697745e-03
      69   8.338045747349e-03
      70   7.754721448943e-03
      71   6.928257892704e-03
      72   6.377879894750e-03
      73   5.705428866452e-03
      74   5.173896518173e-03
      75   4.720299182998e-03
      76   4.303982408055e-03
      77   3.646151862713e-03
      78   2.820994001667e-03
      79   2.396059140642e-03
      80   2.070512553740e-03
      81   1.908737906620e-03
      82   1.724414704108e-03
      83   1.505303237833e-03
      84   1.428380480291e-03
      85   1.310306647011e-03
      86   1.218189612001e-03
      87   1.177875085479e-03
      88   1.121885363246e-03
      89   1.080109695125e-03
      90   1.057273630222e-03
      91   1.039685474897e-03
      92   1.032551376716e-03
      93   1.028740796754e-03
      94   1.025159934205e-03
      95   1.022911029833e-03
      96   1.020519455835e-03
      97   1.018534331945e-03
      98   1.016236281866e-03
      99   1.013323960123e-03
     100   1.009747470021e-03
     101   1.006305268883e-03
     102   1.003275015040e-03
     103   1.000056364160e-03
     104   9.962550265600e-04
     105   9.922639755473e-04
     106   9.888094732148e-04
     107   9.856925516499e-04
     108   9.822382972012e-04
     109   9.785006951770e-04
     110   9.756187880265e-04
     111   9.742504989302e-04
     112   9.736703819054e-04
     113   9.732756896449e-04
     114   9.726518278487e-04
     115   9.716351201233e-04
     116   9.699112805664e-04
     117   9.669710611178e-04
     118   9.622240514582e-04
     119   9.557139232753e-04
     120   9.487634589723e-04
     121   9.423947458678e-04
     122   9.358512525433e-04
     123   9.315985540164e-04
     124   9.243629477056e-04
     125   9.146911936486e-04
     126   9.097832914889e-04
     127   9.073711362686e-04
     128   9.034886251379e-04
     129   8.984942392155e-04
     130   8.958536262981e-04
     131   8.919863056651e-04
     132   8.884778834113e-04
     133   8.867812044605e-04
     134   8.849898815306e-04
     135   8.832767615432e-04
     136   8.805920585476e-04
     137   8.765364045311e-04
     138   8.706458821607e-04
     139   8.621122387129e-04
     140   8.567065494464e-04
     141   8.475173141889e-04
     142   8.353271759506e-04
     143   8.203147629819e-04
     144   8.162606423060e-04
     145   8.099099595814e-04
     146   8.006078520879e-04
     147   7.903698736144e-04
     148   7.825437734859e-04
     149   7.764941037977e-04
     150   7.692678615230e-04
     151   7.653234771604e-04
     152   7.611961645136e-04
     153   7.558156112154e-04
     154   7.496265307984e-04
     155   7.433880097496e-04
     156   7.372586935337e-04
     157   7.331403233485e-04
     158   7.312212211619e-04
     159   7.282115794425e-04
     160   7.239377223874e-04
     161   7.181301268929e-04
     162   7.085169876057e-04
     163   6.925100670319e-04
     164   6.702673545661e-04
     165   6.579018409894e-04
     166   6.519707277418e-04
     167   6.485581853584e-04
     168   6.436477583205e-04
     169   6.374078452785e-04
     170   6.317203442731e-04
     171   6.271770924183e-04
     172   6.227681271747e-04
     173   6.186418471120e-04
     174   6.153836596318e-04
     175   6.126369332080e-04
     176   6.099251676892e-04
     177   6.057406084807e-04
     178   5.997064701334e-04
     179   5.924037545918e-04
     180   5.875011631662e-04
     181   5.796609398400e-04
     182   5.682453282833e-04
     183   5.542329707906e-04
     184   5.435735488988e-04
     185   5.281200697363e-04
     186   5.044930725040e-04
     187   4.682682355858e-04
     188   4.501382962974e-04
     189   4.267239608331e-04
     190   4.153163392877e-04
     191   4.079871778018e-04
     192   4.046381078507e-04
     193   3.998660589705e-04
     194   3.941854838411e-04
     195   3.909558691564e-04
     196   3.869142466408e-04
     197   3.834471570411e-04
     198   3.812683605253e-04
     199   3.795558763936e-04
     200   3.780427594284e-04
     201   3.760739688542e-04
     202   3.731627404651e-04
     203   3.697772895491e-04
     204   3.681197684863e-04
     205   3.661226426476e-04
     206   3.632281704998e-04
     207   3.600051093982e-04
     208   3.575554364562e-04
     209   3.555946433452e-04
     210   3.541957428225e-04
     211   3.528016553943e-04
     212   3.515018912463e-04
     213   3.507191401667e-04
     214   3.499023981450e-04
     215   3.487997250096e-04
     216   3.471059369627e-04
     217   3.446834601890e-04
     218   3.419774345323e-04
     219   3.386341113563e-04
     220   3.339009932682e-04
     221   3.281571359476e-04
     222   3.247671168595e-04
     223   3.226689913667e-04
     224   3.213905084978e-04
     225   3.194283224093e-04
     226   3.165312722402e-04
     227   3.128150605189e-04
     228   3.073849932039e-04
     229   3.015093084068e-04
     230   2.948542164123e-04
     231   2.860720129401e-04
     232   2.803426280675e-04
     233   2.775266047814e-04
     234   2.752473466683e-04
     235   2.720903889114e-04
     236   2.685374294085e-04
     237   2.667912556406e-04
     238   2.651793962856e-04
     239   2.633720117592e-04
     240   2.613107730525e-04
     241   2.587445825623e-04
     242   2.558343844822e-04
     243   2.533624239563e-04
     244   2.524458595694e-04
     245   2.509402227301e-04
     246   2.489743864688e-04
     247   2.479261102559e-04
     248   2.470766736343e-04
     249   2.463328800896e-04
     250   2.453461159697e-04
     251   2.445388654144e-04
     252   2.436026243849e-04
     253   2.429689169738e-04
     254   2.425399459619e-04
     255   2.422461360926e-04
     256   2.418565039158e-04
     257   2.412601988989e-04
     258   2.403782961972e-04
     259   2.392585858507e-04
     260   2.380770245887e-04
     261   2.367529867467e-04
     262   2.351183822660e-04
     263   2.325210253187e-04
     264   2.286571031821e-04
     265   2.256801473343e-04
     266   2.247139441909e-04
     267   2.235905513160e-04
     268   2.226024676013e-04
     269   2.215479965599e-04
     270   2.206965279477e-04
     271   2.201403051106e-04
     272   2.195071520927e-04
     273   2.190282554085e-04
     274   2.186662975779e-04
     275   2.183486151170e-04
     276   2.178555429739e-04
     277   2.170830188993e-04
     278   2.158877405202e-04
     279   2.141551356263e-04
     280   2.125107250815e-04
     281   2.117104665819e-04
     282   2.108569223822e-04
     283   2.105419527695e-04
     284   2.103198416553e-04
     285   2.101619520281e-04
     286   2.100651335917e-04
     287   2.099260149200e-04
     288   2.097703694375e-04
     289   2.096241613074e-04
     290   2.094576121840e-04
     291   2.092315307403e-04
     292   2.088842349068e-04
     293   2.083337247248e-04
     294   2.074710768585e-04
     295   2.064071985640e-04
     296   2.060040571144e-04
     297   2.055137348544e-04
     298   2.052979821687e-04
     299   2.050724856310e-04
     300   2.047926270713e-04
     301   2.045548893216e-04
     302   2.043533385709e-04
     303   2.041639388912e-04
     304   2.040176284962e-04
     305   2.038944993973e-04
     306   2.037567232542e-04
     307   2.035434187192e-04
     308   2.032409533922e-04
     309   2.028584445349e-04
     310   2.024575180574e-04
     311   2.019176502216e-04
     312   2.014569537496e-04
     313   2.012756569824e-04
     314   2.011959406230e-04
     315   2.011394580159e-04
     316   2.010793341631e-04
     317   2.010109064514e-04
     318   2.009412685118e-04
     319   2.008321215604e-04
     320   2.006504368134e-04
     321   2.003343225085e-04
     322   1.997784212106e-04
     323   1.988322342745e-04
     324   1.974322237129e-04
     325   1.961306887932e-04
     326   1.955959118466e-04
     327   1.948219307470e-04
     328   1.943219382602e-04
     329   1.942054650077e-04
     330   1.940556235118e-04
     331   1.939787582319e-04
     332   1.938915022832e-04
     333   1.938359485714e-04
     334   1.937803113791e-04
     335   1.937114549555e-04
     336   1.936545825139e-04
     337   1.935660522858e-04
     338   1.934433721074e-04
     339   1.932693403108e-04
     340   1.930107645461e-04
     341   1.925755087278e-04
     342   1.917902238759e-04
     343   1.904185856995e-04
     344   1.886090631907e-04
     345   1.866626461882e-04
     346   1.858495107093e-04
     347   1.843850880934e-04
     348   1.820722951825e-04
     349   1.784000723418e-04
     350   1.751687337876e-04
     351   1.745951876509e-04
     352   1.735702531025e-04
     353   1.717116073621e-04
     354   1.688408124130e-04
     355   1.655931592728e-04
     356   1.627087146417e-04
     357   1.605560259325e-04
     358   1.572165392857e-04
     359   1.540507254231e-04
     360   1.522782700356e-04
     361   1.500574983487e-04
     362   1.484679375413e-04
     363   1.474694188661e-04
     364   1.463586341657e-04
     365   1.460111809977e-04
     366   1.454550119739e-04
     367   1.447579985218e-04
     368   1.442013259662e-04
     369   1.437646610123e-04
     370   1.432024083825e-04
     371   1.428385328306e-04
     372   1.423573061508e-04
     373   1.418633413072e-04
     374   1.415234688216e-04
     375   1.411766183146e-04
     376   1.409082154551e-04
     377   1.407169499353e-04
     378   1.405561925804e-04
     379   1.403868355578e-04
     380   1.402613304761e-04
     381   1.401119985723e-04
     382   1.400570917744e-04
     383   1.399897192791e-04
     384   1.399147190795e-04
     385   1.398036181244e-04
     386   1.396594550560e-04
     387   1.395045268368e-04
     388   1.393752894288e-04
     389   1.392603285021e-04
     390   1.391161622726e-04
     391   1.388778789846e-04
     392   1.384857768718e-04
     393   1.379022491883e-04
     394   1.373101554685e-04
     395   1.368058624791e-04
     396   1.362025924763e-04
     397   1.356967179562e-04
     398   1.353063246151e-04
     399   1.350054983323e-04
     400   1.345994675438e-04
     401   1.340391243163e-04
     402   1.333592107017e-04
     403   1.327644292552e-04
     404   1.318029825081e-04
     405   1.302377620579e-04
     406   1.281374982181e-04
     407   1.260348335842e-04
     408   1.249090011897e-04
     409   1.238381206210e-04
     410   1.225962956225e-04
     411   1.211336563588e-04
     412   1.201283288136e-04
     413   1.193590354458e-04
     414   1.185664244703e-04
     415   1.181445136186e-04
     416   1.176647179985e-04
     417   1.172810155012e-04
     418   1.168536433247e-04
     419   1.164646119852e-04
     420   1.163044470625e-04
     421   1.160637680440e-04
     422   1.156853397524e-04
     423   1.151772962913e-04
     424   1.145755750031e-04
     425   1.138979719698e-04
     426   1.129749606659e-04
     427   1.123717222842e-04
     428   1.122082763803e-04
     429   1.119198019337e-04
     430   1.114428154816e-04
     431   1.108763738558e-04
     432   1.106657585856e-04
     433   1.103797719167e-04
     434   1.100581730918e-04
     435   1.098612128232e-04
     436   1.096379308976e-04
     437   1.094191393218e-04
     438   1.092657169525e-04
     439   1.091326711311e-04
     440   1.089951658656e-04
     441   1.087910975417e-04
     442   1.085681038738e-04
     443   1.083881541676e-04
     444   1.081627436882e-04
     445   1.080550337187e-04
     446   1.079817729192e-04
     447   1.079331794951e-04
     448   1.078819680490e-04
     449   1.077968710089e-04
     450   1.076641832941e-04
     451   1.074943962673e-04
     452   1.073279864723e-04
     453   1.070787981402e-04
     454   1.068079468822e-04
     455   1.065704620395e-04
     456   1.062239648758e-04
     457   1.058288534008e-04
     458   1.054824776756e-04
     459   1.051754574253e-04
     460   1.049658646943e-04
     461   1.047874793866e-04
     462   1.046333106851e-04
     463   1.044392702292e-04
     464   1.042648996445e-04
     465   1.040444188806e-04
     466   1.037490358428e-04
     467   1.033156227357e-04
     468   1.029649586856e-04
     469   1.027846792628e-04
     470   1.026167277424e-04
     471   1.024454122081e-04
     472   1.022306084606e-04
     473   1.019957849187e-04
     474   1.018940737731e-04
     475   1.018476548031e-04
     476   1.018197285315e-04
     477   1.017968017811e-04
     478   1.017686503579e-04
     479   1.017425327069e-04
     480   1.017216381243e-04
     481   1.016977500978e-04
     482   1.016628704533e-04
     483   1.016051470744e-04
     484   1.015103753907e-04
     485   1.013670137948e-04
     486   1.012053915131e-04
     487   1.010730123115e-04
     488   1.010016241182e-04
     489   1.009396716575e-04
     490   1.009083480941e-04
     491   1.008742372665e-04
     492   1.008467443969e-04
     493   1.008033223033e-04
     494   1.007373043849e-04
     495   1.006437052018e-04
     496   1.005097598156e-04
     497   1.003176353770e-04
     498   1.000983798485e-04
     499   9.998692031710e-05
     500   9.992975427897e-05
