# nlayer   iteration    cost = 1 - F_e
# r_target = 0.6, cutoffA = 10, cutoffB = 2
     1          0   9.115731805627e-01
     1          1   9.073718629505e-01
     1          2   9.005344815125e-01
     1          3   8.954480147901e-01
     1          4   8.948947267314e-01
     1          5   8.939215030448e-01
     1          6   8.923055147667e-01
     1          7   8.904095147025e-01
     1          8   8.902534958513e-01
     1          9   8.902104445241e-01
     1         10   8.901850410807e-01
     1         11   8.901771425532e-01
     1         12   8.901760936024e-01
     1         13   8.901760524538e-01
     1         14   8.901760461889e-01
     1         15   8.901760354114e-01
     1         16   8.901760189654e-01
     1         17   8.901760083553e-01
     1         18   8.901760065324e-01
     1         19   8.901760061745e-01

     2          0   9.345387551823e-01
     2          1   9.174145964663e-01
     2          2   8.966252524317e-01
     2          3   8.948892026279e-01
     2          4   8.932008073503e-01
     2          5   8.919656244126e-01
     2          6   8.907728641761e-01
     2          7   8.905160075389e-01
     2          8   8.903529462013e-01
     2          9   8.903425981350e-01
     2         10   8.903245245247e-01
     2         11   8.902935487241e-01
     2         12   8.902454204816e-01
     2         13   8.902016760605e-01
     2         14   8.901852324236e-01
     2         15   8.901795017451e-01
     2         16   8.901782748306e-01
     2         17   8.901772988693e-01
     2         18   8.901764717367e-01
     2         19   8.901760729716e-01
     2         20   8.901760094720e-01
     2         21   8.901760062127e-01

     3          0   9.007837056999e-01
     3          1   8.926688261903e-01
     3          2   8.907100458308e-01
     3          3   8.905583823089e-01
     3          4   8.903400252869e-01
     3          5   8.902460432554e-01
     3          6   8.902334161834e-01
     3          7   8.902267802519e-01
     3          8   8.902171700492e-01
     3          9   8.902028137773e-01
     3         10   8.901907912270e-01
     3         11   8.901871574435e-01
     3         12   8.901866498103e-01
     3         13   8.901865210744e-01
     3         14   8.901863050907e-01
     3         15   8.901859356551e-01
     3         16   8.901853244837e-01
     3         17   8.901844382557e-01
     3         18   8.901837720585e-01
     3         19   8.901832687574e-01
     3         20   8.901829209331e-01
     3         21   8.901826925805e-01
     3         22   8.901825495212e-01
     3         23   8.901824849302e-01
     3         24   8.901824458485e-01
     3         25   8.901823826082e-01
     3         26   8.901822719188e-01
     3         27   8.901820712834e-01
     3         28   8.901817062567e-01
     3         29   8.901810548341e-01
     3         30   8.901799478312e-01
     3         31   8.901782632322e-01
     3         32   8.901769624250e-01
     3         33   8.901765010933e-01
     3         34   8.901764320738e-01
     3         35   8.901764275210e-01
     3         36   8.901764263137e-01
     3         37   8.901764242431e-01
     3         38   8.901764207144e-01
     3         39   8.901764148932e-01
     3         40   8.901764053350e-01
     3         41   8.901762564032e-01
     3         42   8.901762542555e-01
     3         43   8.901759703157e-01
     3         44   8.901755651088e-01
     3         45   8.901751787743e-01
     3         46   8.901746834243e-01
     3         47   8.901741352846e-01
     3         48   8.901738929323e-01
     3         49   8.901738757276e-01
     3         50   8.901738527388e-01
     3         51   8.901738104452e-01
     3         52   8.901737303859e-01
     3         53   8.901735769183e-01
     3         54   8.901723360147e-01
     3         55   8.890914199880e-01
     3         56   8.890912741505e-01
     3         57   8.887174788715e-01
     3         58   8.880180370224e-01
     3         59   8.869291534562e-01
     3         60   8.856911476904e-01
     3         61   8.839560595625e-01
     3         62   8.710330275362e-01
     3         63   8.584431547252e-01
     3         64   8.507613097753e-01
     3         65   7.965235521117e-01
     3         66   7.816295255896e-01
     3         67   7.591904267886e-01
     3         68   7.506322033504e-01
     3         69   7.461425829026e-01
     3         70   7.413367500824e-01
     3         71   7.390964597409e-01
     3         72   7.379246276447e-01
     3         73   7.374721749127e-01
     3         74   7.372204811499e-01
     3         75   7.371024044660e-01
     3         76   7.370406067190e-01
     3         77   7.370193130239e-01
     3         78   7.370062585659e-01
     3         79   7.370001156421e-01
     3         80   7.369970885715e-01
     3         81   7.369952395149e-01
     3         82   7.369943956866e-01
     3         83   7.369942160067e-01
     3         84   7.369942000823e-01
     3         85   7.369941984025e-01
     3         86   7.369941959998e-01
     3         87   7.369941917192e-01
     3         88   7.369941837810e-01
     3         89   7.369941688292e-01
     3         90   7.369941405058e-01
     3         91   7.369940865599e-01
     3         92   7.369939838504e-01
     3         93   7.369937907672e-01
     3         94   7.369934447150e-01
     3         95   7.369929306511e-01
     3         96   7.369921980380e-01
     3         97   7.369910193566e-01
     3         98   7.369889766985e-01
     3         99   7.369854052783e-01
     3        100   7.369792074419e-01
     3        101   7.369684060249e-01
     3        102   7.369494204978e-01
     3        103   7.369160001376e-01
     3        104   7.368573704308e-01
     3        105   7.367547108533e-01
     3        106   7.365747564915e-01
     3        107   7.362593500042e-01
     3        108   7.357096216702e-01
     3        109   7.347663628556e-01
     3        110   7.332106236664e-01
     3        111   7.308685641677e-01
     3        112   7.277821099734e-01
     3        113   7.268554868300e-01
     3        114   7.192031388808e-01
     3        115   7.082931442136e-01
     3        116   7.007610352231e-01
     3        117   6.931658601748e-01
     3        118   6.883404381164e-01
     3        119   6.866569964818e-01
     3        120   6.864918969170e-01
     3        121   6.862164209390e-01
     3        122   6.858762067836e-01
     3        123   6.857931666597e-01
     3        124   6.857548374324e-01
     3        125   6.857465686798e-01
     3        126   6.857442538732e-01
     3        127   6.857427887135e-01
     3        128   6.857422546694e-01
     3        129   6.857421571918e-01
     3        130   6.857421496939e-01
     3        131   6.857421491807e-01

     4          0   7.853278875266e-01
     4          1   7.017045619911e-01
     4          2   6.984844891673e-01
     4          3   6.928803825118e-01
     4          4   6.862767919263e-01
     4          5   6.856221988525e-01
     4          6   6.852788014527e-01
     4          7   6.850318886910e-01
     4          8   6.848538499819e-01
     4          9   6.845161416120e-01
     4         10   6.820010347347e-01
     4         11   6.804775661435e-01
     4         12   6.776322819488e-01
     4         13   6.729310577676e-01
     4         14   6.656790233851e-01
     4         15   6.527146247871e-01
     4         16   6.292432520729e-01
     4         17   5.919957229474e-01
     4         18   5.796569294990e-01
     4         19   5.590225499610e-01
     4         20   5.311745960975e-01
     4         21   5.228428579157e-01
     4         22   5.194809158959e-01
     4         23   5.152323340792e-01
     4         24   5.138827501970e-01
     4         25   5.127605342819e-01
     4         26   5.119944880018e-01
     4         27   5.114278316967e-01
     4         28   5.111277074160e-01
     4         29   5.109879777883e-01
     4         30   5.108559804455e-01
     4         31   5.107260589137e-01
     4         32   5.106521751799e-01
     4         33   5.106272743029e-01
     4         34   5.106170887481e-01
     4         35   5.106119927236e-01
     4         36   5.106092315820e-01
     4         37   5.106071348989e-01
     4         38   5.106051316872e-01
     4         39   5.106036328984e-01
     4         40   5.106029665598e-01
     4         41   5.106028216005e-01
     4         42   5.106028003699e-01
     4         43   5.106027931341e-01
     4         44   5.106027877343e-01
     4         45   5.106027857321e-01
     4         46   5.106027853923e-01

     5          0   6.775127410048e-01
     5          1   5.464758460847e-01
     5          2   5.237038294681e-01
     5          3   5.151732589048e-01
     5          4   5.106096019799e-01
     5          5   5.095034097154e-01
     5          6   5.077214113215e-01
     5          7   5.047199301420e-01
     5          8   4.998454990974e-01
     5          9   4.939449592921e-01
     5         10   4.832332392827e-01
     5         11   4.634719874423e-01
     5         12   4.302044744756e-01
     5         13   3.838399929804e-01
     5         14   3.537369211815e-01
     5         15   3.406426144414e-01
     5         16   3.168685100957e-01
     5         17   2.759662592957e-01
     5         18   2.306688284399e-01
     5         19   2.234183530702e-01
     5         20   2.117076574958e-01
     5         21   2.023120620891e-01
     5         22   1.996870320638e-01
     5         23   1.983267008168e-01
     5         24   1.976854148054e-01
     5         25   1.967668614795e-01
     5         26   1.960190639710e-01
     5         27   1.956016147614e-01
     5         28   1.949685383473e-01
     5         29   1.944388989838e-01
     5         30   1.943636632899e-01
     5         31   1.943201446685e-01
     5         32   1.942988061686e-01
     5         33   1.942915142658e-01
     5         34   1.942897360590e-01
     5         35   1.942892195515e-01
     5         36   1.942890309678e-01
     5         37   1.942889764163e-01
     5         38   1.942889536827e-01
     5         39   1.942889395149e-01
     5         40   1.942889357539e-01
     5         41   1.942889353464e-01

     6          0   9.813067691394e-01
     6          1   9.192885436566e-01
     6          2   9.112255153816e-01
     6          3   8.998615230472e-01
     6          4   8.885039852094e-01
     6          5   8.771002147714e-01
     6          6   8.198670973830e-01
     6          7   8.026469966203e-01
     6          8   7.724187944031e-01
     6          9   7.207587245153e-01
     6         10   6.528303416112e-01
     6         11   6.170259444287e-01
     6         12   5.639661602202e-01
     6         13   4.959276188786e-01
     6         14   4.444966266155e-01
     6         15   4.036576036731e-01
     6         16   3.521137320308e-01
     6         17   3.276358984974e-01
     6         18   3.037424000437e-01
     6         19   2.895987671847e-01
     6         20   2.796109872761e-01
     6         21   2.698572619985e-01
     6         22   2.654916237465e-01
     6         23   2.588217695819e-01
     6         24   2.506007804870e-01
     6         25   2.460157126606e-01
     6         26   2.397901070366e-01
     6         27   2.323385160087e-01
     6         28   2.245506686519e-01
     6         29   2.154091855604e-01
     6         30   1.991275930991e-01
     6         31   1.719530917391e-01
     6         32   1.394395003248e-01
     6         33   1.325930491180e-01
     6         34   1.213587539167e-01
     6         35   1.048674656407e-01
     6         36   9.471697100437e-02
     6         37   8.951941149898e-02
     6         38   8.329383887704e-02
     6         39   7.331919950694e-02
     6         40   6.073454779930e-02
     6         41   5.233813210081e-02
     6         42   4.592820414789e-02
     6         43   4.049652765852e-02
     6         44   3.637877169765e-02
     6         45   3.407965402317e-02
     6         46   3.211781793082e-02
     6         47   3.086412424259e-02
     6         48   2.933789938391e-02
     6         49   2.706475462819e-02
     6         50   2.630959727315e-02
     6         51   2.520418555295e-02
     6         52   2.461006195152e-02
     6         53   2.450421488978e-02
     6         54   2.445532583968e-02
     6         55   2.444639990473e-02
     6         56   2.444361630714e-02
     6         57   2.444165526932e-02
     6         58   2.444093157978e-02
     6         59   2.444050590751e-02
     6         60   2.444000557465e-02
     6         61   2.443939782534e-02
     6         62   2.443870391163e-02
     6         63   2.443816254139e-02
     6         64   2.443791172154e-02
     6         65   2.443783010540e-02
     6         66   2.443780216175e-02
     6         67   2.443779058028e-02
     6         68   2.443778443711e-02
     6         69   2.443777897620e-02
     6         70   2.443777362763e-02
     6         71   2.443776998116e-02
     6         72   2.443776786339e-02
     6         73   2.443776657418e-02
     6         74   2.443776575683e-02
     6         75   2.443776537396e-02

     7          0   1.551395576997e-01
     7          1   8.834526990170e-02
     7          2   2.953020928376e-02
     7          3   2.728299010747e-02
     7          4   2.635948509232e-02
     7          5   2.549215347216e-02
     7          6   2.512154024129e-02
     7          7   2.489173960883e-02
     7          8   2.475317103894e-02
     7          9   2.471016212666e-02
     7         10   2.465195146055e-02
     7         11   2.461612038978e-02
     7         12   2.456923211018e-02
     7         13   2.450415313370e-02
     7         14   2.444241389805e-02
     7         15   2.440834804387e-02
     7         16   2.436082022389e-02
     7         17   2.429442677599e-02
     7         18   2.425830620930e-02
     7         19   2.424911818769e-02
     7         20   2.424315853593e-02
     7         21   2.423380679222e-02
     7         22   2.421967048234e-02
     7         23   2.420250595839e-02
     7         24   2.418150411110e-02
     7         25   2.415205085579e-02
     7         26   2.410575332253e-02
     7         27   2.403073794236e-02
     7         28   2.392026332527e-02
     7         29   2.374581187977e-02
     7         30   2.345076516699e-02
     7         31   2.297192323475e-02
     7         32   2.233506513358e-02
     7         33   2.194835972003e-02
     7         34   2.188649686721e-02
     7         35   2.176903730671e-02
     7         36   2.154885020392e-02
     7         37   2.114873143641e-02
     7         38   2.048187028390e-02
     7         39   1.961007278226e-02
     7         40   1.877290688580e-02
     7         41   1.741885539600e-02
     7         42   1.521493767980e-02
     7         43   1.230535196616e-02
     7         44   1.106181785771e-02
     7         45   9.859303865583e-03
     7         46   9.271342768401e-03
     7         47   8.804007601896e-03
     7         48   8.126185421787e-03
     7         49   7.442829534698e-03
     7         50   6.775790518024e-03
     7         51   6.078289426776e-03
     7         52   5.413552078583e-03
     7         53   5.261591232282e-03
     7         54   4.980252088888e-03
     7         55   4.473746769471e-03
     7         56   3.687718585494e-03
     7         57   2.947596385439e-03
     7         58   2.545580412435e-03
     7         59   2.162802320321e-03
     7         60   1.991861227727e-03
     7         61   1.812789030738e-03
     7         62   1.741101060273e-03
     7         63   1.653731731244e-03
     7         64   1.567522791138e-03
     7         65   1.428164410551e-03
     7         66   1.241507510843e-03
     7         67   1.165046107883e-03
     7         68   1.133033617627e-03
     7         69   1.114764884291e-03
     7         70   1.102973080957e-03
     7         71   1.097175224292e-03
     7         72   1.091029199614e-03
     7         73   1.086465201746e-03
     7         74   1.081740850414e-03
     7         75   1.078984569878e-03
     7         76   1.077403050354e-03
     7         77   1.076349626987e-03
     7         78   1.075006480741e-03
     7         79   1.072754551606e-03
     7         80   1.068937926701e-03
     7         81   1.062838432848e-03
     7         82   1.055759446053e-03
     7         83   1.052259786310e-03
     7         84   1.049123441907e-03
     7         85   1.047581181881e-03
     7         86   1.045581104268e-03
     7         87   1.043713730895e-03
     7         88   1.042331613827e-03
     7         89   1.041373331886e-03
     7         90   1.040238080488e-03
     7         91   1.038468788383e-03
     7         92   1.035956085548e-03
     7         93   1.033668986042e-03
     7         94   1.032180109624e-03
     7         95   1.031348798573e-03
     7         96   1.030725739041e-03
     7         97   1.029973269005e-03
     7         98   1.029133958146e-03
     7         99   1.028505391602e-03
     7        100   1.028193650891e-03
     7        101   1.028046500620e-03
     7        102   1.027904674605e-03
     7        103   1.027669284810e-03
     7        104   1.027263626765e-03
     7        105   1.026562656897e-03
     7        106   1.025396208562e-03
     7        107   1.023692886982e-03
     7        108   1.022456423850e-03
     7        109   1.021835455442e-03
     7        110   1.021651769054e-03
     7        111   1.021625045939e-03
     7        112   1.021617699072e-03
     7        113   1.021613359468e-03
     7        114   1.021608183381e-03
     7        115   1.021599828025e-03
     7        116   1.021586109323e-03
     7        117   1.021564892338e-03
     7        118   1.021542978787e-03
     7        119   1.021532520113e-03
     7        120   1.021528959980e-03

     8          0   7.116221787235e-01
     8          1   2.070272235245e-02
     8          2   8.422215185345e-03
     8          3   3.682627092846e-03
     8          4   1.982511897818e-03
     8          5   1.396718468966e-03
     8          6   1.300999265103e-03
     8          7   1.154187460563e-03
     8          8   1.132972373037e-03
     8          9   1.103423085347e-03
     8         10   1.098267694600e-03
     8         11   1.089212033482e-03
     8         12   1.077383772958e-03
     8         13   1.072776834048e-03
     8         14   1.069975868254e-03
     8         15   1.067644576702e-03
     8         16   1.063976250472e-03
     8         17   1.058063322105e-03
     8         18   1.053191129007e-03
     8         19   1.047097327950e-03
     8         20   1.042697947562e-03
     8         21   1.037672939075e-03
     8         22   1.031882780623e-03
     8         23   1.028234862654e-03
     8         24   1.025402899962e-03
     8         25   1.024132442231e-03
     8         26   1.023347896593e-03
     8         27   1.022989077038e-03
     8         28   1.022789497228e-03
     8         29   1.022758268701e-03
     8         30   1.022721635549e-03
     8         31   1.022672073048e-03
     8         32   1.022588006367e-03
     8         33   1.022445350071e-03
     8         34   1.022218119612e-03
     8         35   1.021951640780e-03
     8         36   1.021821301861e-03
     8         37   1.021744339595e-03
     8         38   1.021717149078e-03
     8         39   1.021680129319e-03
     8         40   1.021628630029e-03
     8         41   1.021578461208e-03
     8         42   1.021555036886e-03
     8         43   1.021548594557e-03
     8         44   1.021544858558e-03
     8         45   1.021538649157e-03
     8         46   1.021528251766e-03
     8         47   1.021511833376e-03
     8         48   1.021493321232e-03
     8         49   1.021484805250e-03
     8         50   1.021481350199e-03

     9          0   9.471130042356e-01
     9          1   9.196149445693e-01
     9          2   8.866958367272e-01
     9          3   8.652856285787e-01
     9          4   8.268905919297e-01
     9          5   8.040742133434e-01
     9          6   8.027039565438e-01
     9          7   8.008515819907e-01
     9          8   7.991035936822e-01
     9          9   7.973643520197e-01
     9         10   7.959947579738e-01
     9         11   7.948273380652e-01
     9         12   7.934511093091e-01
     9         13   7.910222108603e-01
     9         14   7.868905194435e-01
     9         15   7.817445152527e-01
     9         16   7.719872589019e-01
     9         17   7.621442006162e-01
     9         18   7.450188703075e-01
     9         19   7.182655987280e-01
     9         20   6.831745142765e-01
     9         21   6.448026122864e-01
     9         22   6.147828334906e-01
     9         23   5.797615886295e-01
     9         24   5.289220243018e-01
     9         25   4.718038497799e-01
     9         26   4.440120898440e-01
     9         27   4.013375743098e-01
     9         28   3.335941233653e-01
     9         29   2.639491567439e-01
     9         30   2.289177214427e-01
     9         31   1.752532273947e-01
     9         32   1.271823070983e-01
     9         33   1.049311916080e-01
     9         34   9.846054189254e-02
     9         35   8.700267198221e-02
     9         36   6.846971767128e-02
     9         37   5.731649392270e-02
     9         38   4.879870918717e-02
     9         39   4.596093153391e-02
     9         40   4.138240200087e-02
     9         41   3.537741994592e-02
     9         42   3.349523799568e-02
     9         43   3.047250711129e-02
     9         44   2.745343121339e-02
     9         45   2.631469428692e-02
     9         46   2.495231659564e-02
     9         47   2.436247100991e-02
     9         48   2.397406770300e-02
     9         49   2.368239569891e-02
     9         50   2.332355854978e-02
     9         51   2.302963882905e-02
     9         52   2.269839201074e-02
     9         53   2.228739414910e-02
     9         54   2.192607745212e-02
     9         55   2.167469990336e-02
     9         56   2.151134736609e-02
     9         57   2.133268935379e-02
     9         58   2.108794286739e-02
     9         59   2.068115676029e-02
     9         60   2.006764761547e-02
     9         61   1.921496988766e-02
     9         62   1.783472306994e-02
     9         63   1.638672365773e-02
     9         64   1.457088045575e-02
     9         65   1.317889078089e-02
     9         66   1.127265938697e-02
     9         67   1.010898809860e-02
     9         68   9.234296697745e-03
     9         69   8.338045747349e-03
     9         70   7.754721448943e-03
     9         71   6.928257892704e-03
     9         72   6.377879894750e-03
     9         73   5.705428866452e-03
     9         74   5.173896518173e-03
     9         75   4.720299182998e-03
     9         76   4.303982408055e-03
     9         77   3.646151862713e-03
     9         78   2.820994001667e-03
     9         79   2.396059140642e-03
     9         80   2.070512553740e-03
     9         81   1.908737906620e-03
     9         82   1.724414704108e-03
     9         83   1.505303237833e-03
     9         84   1.428380480291e-03
     9         85   1.310306647011e-03
     9         86   1.218189612001e-03
     9         87   1.177875085479e-03
     9         88   1.121885363246e-03
     9         89   1.080109695125e-03
     9         90   1.057273630222e-03
     9         91   1.039685474897e-03
     9         92   1.032551376716e-03
     9         93   1.028740796754e-03
     9         94   1.025159934205e-03
     9         95   1.022911029833e-03
     9         96   1.020519455835e-03
     9         97   1.018534331945e-03
     9         98   1.016236281866e-03
     9         99   1.013323960123e-03
     9        100   1.009747470021e-03
     9        101   1.006305268883e-03
     9        102   1.003275015040e-03
     9        103   1.000056364160e-03
     9        104   9.962550265600e-04
     9        105   9.922639755473e-04
     9        106   9.888094732148e-04
     9        107   9.856925516499e-04
     9        108   9.822382972012e-04
     9        109   9.785006951770e-04
     9        110   9.756187880265e-04
     9        111   9.742504989302e-04
     9        112   9.736703819054e-04
     9        113   9.732756896449e-04
     9        114   9.726518278487e-04
     9        115   9.716351201233e-04
     9        116   9.699112805664e-04
     9        117   9.669710611178e-04
     9        118   9.622240514582e-04
     9        119   9.557139232753e-04
     9        120   9.487634589723e-04
     9        121   9.423947458678e-04
     9        122   9.358512525433e-04
     9        123   9.315985540164e-04
     9        124   9.243629477056e-04
     9        125   9.146911936486e-04
     9        126   9.097832914889e-04
     9        127   9.073711362686e-04
     9        128   9.034886251379e-04
     9        129   8.984942392155e-04
     9        130   8.958536262981e-04
     9        131   8.919863056651e-04
     9        132   8.884778834113e-04
     9        133   8.867812044605e-04
     9        134   8.849898815306e-04
     9        135   8.832767615432e-04
     9        136   8.805920585476e-04
     9        137   8.765364045311e-04
     9        138   8.706458821607e-04
     9        139   8.621122387129e-04
     9        140   8.567065494464e-04
     9        141   8.475173141889e-04
     9        142   8.353271759506e-04
     9        143   8.203147629819e-04
     9        144   8.162606423060e-04
     9        145   8.099099595814e-04
     9        146   8.006078520879e-04
     9        147   7.903698736144e-04
     9        148   7.825437734859e-04
     9        149   7.764941037977e-04
     9        150   7.692678615230e-04
     9        151   7.653234771604e-04
     9        152   7.611961645136e-04
     9        153   7.558156112154e-04
     9        154   7.496265307984e-04
     9        155   7.433880097496e-04
     9        156   7.372586935337e-04
     9        157   7.331403233485e-04
     9        158   7.312212211619e-04
     9        159   7.282115794425e-04
     9        160   7.239377223874e-04
     9        161   7.181301268929e-04
     9        162   7.085169876057e-04
     9        163   6.925100670319e-04
     9        164   6.702673545661e-04
     9        165   6.579018409894e-04
     9        166   6.519707277418e-04
     9        167   6.485581853584e-04
     9        168   6.436477583205e-04
     9        169   6.374078452785e-04
     9        170   6.317203442731e-04
     9        171   6.271770924183e-04
     9        172   6.227681271747e-04
     9        173   6.186418471120e-04
     9        174   6.153836596318e-04
     9        175   6.126369332080e-04
     9        176   6.099251676892e-04
     9        177   6.057406084807e-04
     9        178   5.997064701334e-04
     9        179   5.924037545918e-04
     9        180   5.875011631662e-04
     9        181   5.796609398400e-04
     9        182   5.682453282833e-04
     9        183   5.542329707906e-04
     9        184   5.435735488988e-04
     9        185   5.281200697363e-04
     9        186   5.044930725040e-04
     9        187   4.682682355858e-04
     9        188   4.501382962974e-04
     9        189   4.267239608331e-04
     9        190   4.153163392877e-04
     9        191   4.079871778018e-04
     9        192   4.046381078507e-04
     9        193   3.998660589705e-04
     9        194   3.941854838411e-04
     9        195   3.909558691564e-04
     9        196   3.869142466408e-04
     9        197   3.834471570411e-04
     9        198   3.812683605253e-04
     9        199   3.795558763936e-04
     9        200   3.780427594284e-04
     9        201   3.760739688542e-04
     9        202   3.731627404651e-04
     9        203   3.697772895491e-04
     9        204   3.681197684863e-04
     9        205   3.661226426476e-04
     9        206   3.632281704998e-04
     9        207   3.600051093982e-04
     9        208   3.575554364562e-04
     9        209   3.555946433452e-04
     9        210   3.541957428225e-04
     9        211   3.528016553943e-04
     9        212   3.515018912463e-04
     9        213   3.507191401667e-04
     9        214   3.499023981450e-04
     9        215   3.487997250096e-04
     9        216   3.471059369627e-04
     9        217   3.446834601890e-04
     9        218   3.419774345323e-04
     9        219   3.386341113563e-04
     9        220   3.339009932682e-04
     9        221   3.281571359476e-04
     9        222   3.247671168595e-04
     9        223   3.226689913667e-04
     9        224   3.213905084978e-04
     9        225   3.194283224093e-04
     9        226   3.165312722402e-04
     9        227   3.128150605189e-04
     9        228   3.073849932039e-04
     9        229   3.015093084068e-04
     9        230   2.948542164123e-04
     9        231   2.860720129401e-04
     9        232   2.803426280675e-04
     9        233   2.775266047814e-04
     9        234   2.752473466683e-04
     9        235   2.720903889114e-04
     9        236   2.685374294085e-04
     9        237   2.667912556406e-04
     9        238   2.651793962856e-04
     9        239   2.633720117592e-04
     9        240   2.613107730525e-04
     9        241   2.587445825623e-04
     9        242   2.558343844822e-04
     9        243   2.533624239563e-04
     9        244   2.524458595694e-04
     9        245   2.509402227301e-04
     9        246   2.489743864688e-04
     9        247   2.479261102559e-04
     9        248   2.470766736343e-04
     9        249   2.463328800896e-04
     9        250   2.453461159697e-04
     9        251   2.445388654144e-04
     9        252   2.436026243849e-04
     9        253   2.429689169738e-04
     9        254   2.425399459619e-04
     9        255   2.422461360926e-04
     9        256   2.418565039158e-04
     9        257   2.412601988989e-04
     9        258   2.403782961972e-04
     9        259   2.392585858507e-04
     9        260   2.380770245887e-04
     9        261   2.367529867467e-04
     9        262   2.351183822660e-04
     9        263   2.325210253187e-04
     9        264   2.286571031821e-04
     9        265   2.256801473343e-04
     9        266   2.247139441909e-04
     9        267   2.235905513160e-04
     9        268   2.226024676013e-04
     9        269   2.215479965599e-04
     9        270   2.206965279477e-04
     9        271   2.201403051106e-04
     9        272   2.195071520927e-04
     9        273   2.190282554085e-04
     9        274   2.186662975779e-04
     9        275   2.183486151170e-04
     9        276   2.178555429739e-04
     9        277   2.170830188993e-04
     9        278   2.158877405202e-04
     9        279   2.141551356263e-04
     9        280   2.125107250815e-04
     9        281   2.117104665819e-04
     9        282   2.108569223822e-04
     9        283   2.105419527695e-04
     9        284   2.103198416553e-04
     9        285   2.101619520281e-04
     9        286   2.100651335917e-04
     9        287   2.099260149200e-04
     9        288   2.097703694375e-04
     9        289   2.096241613074e-04
     9        290   2.094576121840e-04
     9        291   2.092315307403e-04
     9        292   2.088842349068e-04
     9        293   2.083337247248e-04
     9        294   2.074710768585e-04
     9        295   2.064071985640e-04
     9        296   2.060040571144e-04
     9        297   2.055137348544e-04
     9        298   2.052979821687e-04
     9        299   2.050724856310e-04
     9        300   2.047926270713e-04
     9        301   2.045548893216e-04
     9        302   2.043533385709e-04
     9        303   2.041639388912e-04
     9        304   2.040176284962e-04
     9        305   2.038944993973e-04
     9        306   2.037567232542e-04
     9        307   2.035434187192e-04
     9        308   2.032409533922e-04
     9        309   2.028584445349e-04
     9        310   2.024575180574e-04
     9        311   2.019176502216e-04
     9        312   2.014569537496e-04
     9        313   2.012756569824e-04
     9        314   2.011959406230e-04
     9        315   2.011394580159e-04
     9        316   2.010793341631e-04
     9        317   2.010109064514e-04
     9        318   2.009412685118e-04
     9        319   2.008321215604e-04
     9        320   2.006504368134e-04
     9        321   2.003343225085e-04
     9        322   1.997784212106e-04
     9        323   1.988322342745e-04
     9        324   1.974322237129e-04
     9        325   1.961306887932e-04
     9        326   1.955959118466e-04
     9        327   1.948219307470e-04
     9        328   1.943219382602e-04
     9        329   1.942054650077e-04
     9        330   1.940556235118e-04
     9        331   1.939787582319e-04
     9        332   1.938915022832e-04
     9        333   1.938359485714e-04
     9        334   1.937803113791e-04
     9        335   1.937114549555e-04
     9        336   1.936545825139e-04
     9        337   1.935660522858e-04
     9        338   1.934433721074e-04
     9        339   1.932693403108e-04
     9        340   1.930107645461e-04
     9        341   1.925755087278e-04
     9        342   1.917902238759e-04
     9        343   1.904185856995e-04
     9        344   1.886090631907e-04
     9        345   1.866626461882e-04
     9        346   1.858495107093e-04
     9        347   1.843850880934e-04
     9        348   1.820722951825e-04
     9        349   1.784000723418e-04
     9        350   1.751687337876e-04
     9        351   1.745951876509e-04
     9        352   1.735702531025e-04
     9        353   1.717116073621e-04
     9        354   1.688408124130e-04
     9        355   1.655931592728e-04
     9        356   1.627087146417e-04
     9        357   1.605560259325e-04
     9        358   1.572165392857e-04
     9        359   1.540507254231e-04
     9        360   1.522782700356e-04
     9        361   1.500574983487e-04
     9        362   1.484679375413e-04
     9        363   1.474694188661e-04
     9        364   1.463586341657e-04
     9        365   1.460111809977e-04
     9        366   1.454550119739e-04
     9        367   1.447579985218e-04
     9        368   1.442013259662e-04
     9        369   1.437646610123e-04
     9        370   1.432024083825e-04
     9        371   1.428385328306e-04
     9        372   1.423573061508e-04
     9        373   1.418633413072e-04
     9        374   1.415234688216e-04
     9        375   1.411766183146e-04
     9        376   1.409082154551e-04
     9        377   1.407169499353e-04
     9        378   1.405561925804e-04
     9        379   1.403868355578e-04
     9        380   1.402613304761e-04
     9        381   1.401119985723e-04
     9        382   1.400570917744e-04
     9        383   1.399897192791e-04
     9        384   1.399147190795e-04
     9        385   1.398036181244e-04
     9        386   1.396594550560e-04
     9        387   1.395045268368e-04
     9        388   1.393752894288e-04
     9        389   1.392603285021e-04
     9        390   1.391161622726e-04
     9        391   1.388778789846e-04
     9        392   1.384857768718e-04
     9        393   1.379022491883e-04
     9        394   1.373101554685e-04
     9        395   1.368058624791e-04
     9        396   1.362025924763e-04
     9        397   1.356967179562e-04
     9        398   1.353063246151e-04
     9        399   1.350054983323e-04
     9        400   1.345994675438e-04
     9        401   1.340391243163e-04
     9        402   1.333592107017e-04
     9        403   1.327644292552e-04
     9        404   1.318029825081e-04
     9        405   1.302377620579e-04
     9        406   1.281374982181e-04
     9        407   1.260348335842e-04
     9        408   1.249090011897e-04
     9        409   1.238381206210e-04
     9        410   1.225962956225e-04
     9        411   1.211336563588e-04
     9        412   1.201283288136e-04
     9        413   1.193590354458e-04
     9        414   1.185664244703e-04
     9        415   1.181445136186e-04
     9        416   1.176647179985e-04
     9        417   1.172810155012e-04
     9        418   1.168536433247e-04
     9        419   1.164646119852e-04
     9        420   1.163044470625e-04
     9        421   1.160637680440e-04
     9        422   1.156853397524e-04
     9        423   1.151772962913e-04
     9        424   1.145755750031e-04
     9        425   1.138979719698e-04
     9        426   1.129749606659e-04
     9        427   1.123717222842e-04
     9        428   1.122082763803e-04
     9        429   1.119198019337e-04
     9        430   1.114428154816e-04
     9        431   1.108763738558e-04
     9        432   1.106657585856e-04
     9        433   1.103797719167e-04
     9        434   1.100581730918e-04
     9        435   1.098612128232e-04
     9        436   1.096379308976e-04
     9        437   1.094191393218e-04
     9        438   1.092657169525e-04
     9        439   1.091326711311e-04
     9        440   1.089951658656e-04
     9        441   1.087910975417e-04
     9        442   1.085681038738e-04
     9        443   1.083881541676e-04
     9        444   1.081627436882e-04
     9        445   1.080550337187e-04
     9        446   1.079817729192e-04
     9        447   1.079331794951e-04
     9        448   1.078819680490e-04
     9        449   1.077968710089e-04
     9        450   1.076641832941e-04
     9        451   1.074943962673e-04
     9        452   1.073279864723e-04
     9        453   1.070787981402e-04
     9        454   1.068079468822e-04
     9        455   1.065704620395e-04
     9        456   1.062239648758e-04
     9        457   1.058288534008e-04
     9        458   1.054824776756e-04
     9        459   1.051754574253e-04
     9        460   1.049658646943e-04
     9        461   1.047874793866e-04
     9        462   1.046333106851e-04
     9        463   1.044392702292e-04
     9        464   1.042648996445e-04
     9        465   1.040444188806e-04
     9        466   1.037490358428e-04
     9        467   1.033156227357e-04
     9        468   1.029649586856e-04
     9        469   1.027846792628e-04
     9        470   1.026167277424e-04
     9        471   1.024454122081e-04
     9        472   1.022306084606e-04
     9        473   1.019957849187e-04
     9        474   1.018940737731e-04
     9        475   1.018476548031e-04
     9        476   1.018197285315e-04
     9        477   1.017968017811e-04
     9        478   1.017686503579e-04
     9        479   1.017425327069e-04
     9        480   1.017216381243e-04
     9        481   1.016977500978e-04
     9        482   1.016628704533e-04
     9        483   1.016051470744e-04
     9        484   1.015103753907e-04
     9        485   1.013670137948e-04
     9        486   1.012053915131e-04
     9        487   1.010730123115e-04
     9        488   1.010016241182e-04
     9        489   1.009396716575e-04
     9        490   1.009083480941e-04
     9        491   1.008742372665e-04
     9        492   1.008467443969e-04
     9        493   1.008033223033e-04
     9        494   1.007373043849e-04
     9        495   1.006437052018e-04
     9        496   1.005097598156e-04
     9        497   1.003176353770e-04
     9        498   1.000983798485e-04
     9        499   9.998692031710e-05
     9        500   9.992975427897e-05

