# iteration    cost = 1 - F_e
# Nlayers = 2, r_target = 0.6, cutoffA = 10, cutoffB = 2
       0   9.345387551823e-01
       1   9.174145964663e-01
       2   8.966252524317e-01
       3   8.948892026279e-01
       4   8.932008073503e-01
       5   8.919656244126e-01
       6   8.907728641761e-01
       7   8.905160075389e-01
       8   8.903529462013e-01
       9   8.903425981350e-01
      10   8.903245245247e-01
      11   8.902935487241e-01
      12   8.902454204816e-01
      13   8.902016760605e-01
      14   8.901852324236e-01
      15   8.901795017451e-01
      16   8.901782748306e-01
      17   8.901772988693e-01
      18   8.901764717367e-01
      19   8.901760729716e-01
      20   8.901760094720e-01
      21   8.901760062127e-01
