# iteration    cost = 1 - F_e
# Nlayers = 1, r_target = 0.6, cutoffA = 10, cutoffB = 2
       0   9.115731805627e-01
       1   9.073718629505e-01
       2   9.005344815125e-01
       3   8.954480147901e-01
       4   8.948947267314e-01
       5   8.939215030448e-01
       6   8.923055147667e-01
       7   8.904095147025e-01
       8   8.902534958513e-01
       9   8.902104445241e-01
      10   8.901850410807e-01
      11   8.901771425532e-01
      12   8.901760936024e-01
      13   8.901760524538e-01
      14   8.901760461889e-01
      15   8.901760354114e-01
      16   8.901760189654e-01
      17   8.901760083553e-01
      18   8.901760065324e-01
      19   8.901760061745e-01
