# iteration    cost = 1 - F_e
# Nlayers = 7, r_target = 0.6, cutoffA = 10, cutoffB = 2
       0   1.551395576997e-01
       1   8.834526990170e-02
       2   2.953020928376e-02
       3   2.728299010747e-02
       4   2.635948509232e-02
       5   2.549215347216e-02
       6   2.512154024129e-02
       7   2.489173960883e-02
       8   2.475317103894e-02
       9   2.471016212666e-02
      10   2.465195146055e-02
      11   2.461612038978e-02
      12   2.456923211018e-02
      13   2.450415313370e-02
      14   2.444241389805e-02
      15   2.440834804387e-02
      16   2.436082022389e-02
      17   2.429442677599e-02
      18   2.425830620930e-02
      19   2.424911818769e-02
      20   2.424315853593e-02
      21   2.423380679222e-02
      22   2.421967048234e-02
      23   2.420250595839e-02
      24   2.418150411110e-02
      25   2.415205085579e-02
      26   2.410575332253e-02
      27   2.403073794236e-02
      28   2.392026332527e-02
      29   2.374581187977e-02
      30   2.345076516699e-02
      31   2.297192323475e-02
      32   2.233506513358e-02
      33   2.194835972003e-02
      34   2.188649686721e-02
      35   2.176903730671e-02
      36   2.154885020392e-02
      37   2.114873143641e-02
      38   2.048187028390e-02
      39   1.961007278226e-02
      40   1.877290688580e-02
      41   1.741885539600e-02
      42   1.521493767980e-02
      43   1.230535196616e-02
      44   1.106181785771e-02
      45   9.859303865583e-03
      46   9.271342768401e-03
      47   8.804007601896e-03
      48   8.126185421787e-03
      49   7.442829534698e-03
      50   6.775790518024e-03
      51   6.078289426776e-03
      52   5.413552078583e-03
      53   5.261591232282e-03
      54   4.980252088888e-03
      55   4.473746769471e-03
      56   3.687718585494e-03
      57   2.947596385439e-03
      58   2.545580412435e-03
      59   2.162802320321e-03
      60   1.991861227727e-03
      61   1.812789030738e-03
      62   1.741101060273e-03
      63   1.653731731244e-03
      64   1.567522791138e-03
      65   1.428164410551e-03
      66   1.241507510843e-03
      67   1.165046107883e-03
      68   1.133033617627e-03
      69   1.114764884291e-03
      70   1.102973080957e-03
      71   1.097175224292e-03
      72   1.091029199614e-03
      73   1.086465201746e-03
      74   1.081740850414e-03
      75   1.078984569878e-03
      76   1.077403050354e-03
      77   1.076349626987e-03
      78   1.075006480741e-03
      79   1.072754551606e-03
      80   1.068937926701e-03
      81   1.062838432848e-03
      82   1.055759446053e-03
      83   1.052259786310e-03
      84   1.049123441907e-03
      85   1.047581181881e-03
      86   1.045581104268e-03
      87   1.043713730895e-03
      88   1.042331613827e-03
      89   1.041373331886e-03
      90   1.040238080488e-03
      91   1.038468788383e-03
      92   1.035956085548e-03
      93   1.033668986042e-03
      94   1.032180109624e-03
      95   1.031348798573e-03
      96   1.030725739041e-03
      97   1.029973269005e-03
      98   1.029133958146e-03
      99   1.028505391602e-03
     100   1.028193650891e-03
     101   1.028046500620e-03
     102   1.027904674605e-03
     103   1.027669284810e-03
     104   1.027263626765e-03
     105   1.026562656897e-03
     106   1.025396208562e-03
     107   1.023692886982e-03
     108   1.022456423850e-03
     109   1.021835455442e-03
     110   1.021651769054e-03
     111   1.021625045939e-03
     112   1.021617699072e-03
     113   1.021613359468e-03
     114   1.021608183381e-03
     115   1.021599828025e-03
     116   1.021586109323e-03
     117   1.021564892338e-03
     118   1.021542978787e-03
     119   1.021532520113e-03
     120   1.021528959980e-03
