# iteration    cost = 1 - F_e
# Nlayers = 6, r_target = 0.6, cutoffA = 10, cutoffB = 2
       0   9.813067691394e-01
       1   9.192885436566e-01
       2   9.112255153816e-01
       3   8.998615230472e-01
       4   8.885039852094e-01
       5   8.771002147714e-01
       6   8.198670973830e-01
       7   8.026469966203e-01
       8   7.724187944031e-01
       9   7.207587245153e-01
      10   6.528303416112e-01
      11   6.170259444287e-01
      12   5.639661602202e-01
      13   4.959276188786e-01
      14   4.444966266155e-01
      15   4.036576036731e-01
      16   3.521137320308e-01
      17   3.276358984974e-01
      18   3.037424000437e-01
      19   2.895987671847e-01
      20   2.796109872761e-01
      21   2.698572619985e-01
      22   2.654916237465e-01
      23   2.588217695819e-01
      24   2.506007804870e-01
      25   2.460157126606e-01
      26   2.397901070366e-01
      27   2.323385160087e-01
      28   2.245506686519e-01
      29   2.154091855604e-01
      30   1.991275930991e-01
      31   1.719530917391e-01
      32   1.394395003248e-01
      33   1.325930491180e-01
      34   1.213587539167e-01
      35   1.048674656407e-01
      36   9.471697100437e-02
      37   8.951941149898e-02
      38   8.329383887704e-02
      39   7.331919950694e-02
      40   6.073454779930e-02
      41   5.233813210081e-02
      42   4.592820414789e-02
      43   4.049652765852e-02
      44   3.637877169765e-02
      45   3.407965402317e-02
      46   3.211781793082e-02
      47   3.086412424259e-02
      48   2.933789938391e-02
      49   2.706475462819e-02
      50   2.630959727315e-02
      51   2.520418555295e-02
      52   2.461006195152e-02
      53   2.450421488978e-02
      54   2.445532583968e-02
      55   2.444639990473e-02
      56   2.444361630714e-02
      57   2.444165526932e-02
      58   2.444093157978e-02
      59   2.444050590751e-02
      60   2.444000557465e-02
      61   2.443939782534e-02
      62   2.443870391163e-02
      63   2.443816254139e-02
      64   2.443791172154e-02
      65   2.443783010540e-02
      66   2.443780216175e-02
      67   2.443779058028e-02
      68   2.443778443711e-02
      69   2.443777897620e-02
      70   2.443777362763e-02
      71   2.443776998116e-02
      72   2.443776786339e-02
      73   2.443776657418e-02
      74   2.443776575683e-02
      75   2.443776537396e-02
