# iteration    cost = 1 - F_e
# Nlayers = 8, r_target = 0.6, cutoffA = 10, cutoffB = 2
       0   7.116221787235e-01
       1   2.070272235245e-02
       2   8.422215185345e-03
       3   3.682627092846e-03
       4   1.982511897818e-03
       5   1.396718468966e-03
       6   1.300999265103e-03
       7   1.154187460563e-03
       8   1.132972373037e-03
       9   1.103423085347e-03
      10   1.098267694600e-03
      11   1.089212033482e-03
      12   1.077383772958e-03
      13   1.072776834048e-03
      14   1.069975868254e-03
      15   1.067644576702e-03
      16   1.063976250472e-03
      17   1.058063322105e-03
      18   1.053191129007e-03
      19   1.047097327950e-03
      20   1.042697947562e-03
      21   1.037672939075e-03
      22   1.031882780623e-03
      23   1.028234862654e-03
      24   1.025402899962e-03
      25   1.024132442231e-03
      26   1.023347896593e-03
      27   1.022989077038e-03
      28   1.022789497228e-03
      29   1.022758268701e-03
      30   1.022721635549e-03
      31   1.022672073048e-03
      32   1.022588006367e-03
      33   1.022445350071e-03
      34   1.022218119612e-03
      35   1.021951640780e-03
      36   1.021821301861e-03
      37   1.021744339595e-03
      38   1.021717149078e-03
      39   1.021680129319e-03
      40   1.021628630029e-03
      41   1.021578461208e-03
      42   1.021555036886e-03
      43   1.021548594557e-03
      44   1.021544858558e-03
      45   1.021538649157e-03
      46   1.021528251766e-03
      47   1.021511833376e-03
      48   1.021493321232e-03
      49   1.021484805250e-03
      50   1.021481350199e-03
