# iteration    cost = 1 - F_e
# Nlayers = 5, r_target = 0.6, cutoffA = 10, cutoffB = 2
       0   6.775127410048e-01
       1   5.464758460847e-01
       2   5.237038294681e-01
       3   5.151732589048e-01
       4   5.106096019799e-01
       5   5.095034097154e-01
       6   5.077214113215e-01
       7   5.047199301420e-01
       8   4.998454990974e-01
       9   4.939449592921e-01
      10   4.832332392827e-01
      11   4.634719874423e-01
      12   4.302044744756e-01
      13   3.838399929804e-01
      14   3.537369211815e-01
      15   3.406426144414e-01
      16   3.168685100957e-01
      17   2.759662592957e-01
      18   2.306688284399e-01
      19   2.234183530702e-01
      20   2.117076574958e-01
      21   2.023120620891e-01
      22   1.996870320638e-01
      23   1.983267008168e-01
      24   1.976854148054e-01
      25   1.967668614795e-01
      26   1.960190639710e-01
      27   1.956016147614e-01
      28   1.949685383473e-01
      29   1.944388989838e-01
      30   1.943636632899e-01
      31   1.943201446685e-01
      32   1.942988061686e-01
      33   1.942915142658e-01
      34   1.942897360590e-01
      35   1.942892195515e-01
      36   1.942890309678e-01
      37   1.942889764163e-01
      38   1.942889536827e-01
      39   1.942889395149e-01
      40   1.942889357539e-01
      41   1.942889353464e-01
