# iteration    cost = 1 - F_e
# Nlayers = 3, r_target = 0.6, cutoffA = 10, cutoffB = 2
       0   9.007837056999e-01
       1   8.926688261903e-01
       2   8.907100458308e-01
       3   8.905583823089e-01
       4   8.903400252869e-01
       5   8.902460432554e-01
       6   8.902334161834e-01
       7   8.902267802519e-01
       8   8.902171700492e-01
       9   8.902028137773e-01
      10   8.901907912270e-01
      11   8.901871574435e-01
      12   8.901866498103e-01
      13   8.901865210744e-01
      14   8.901863050907e-01
      15   8.901859356551e-01
      16   8.901853244837e-01
      17   8.901844382557e-01
      18   8.901837720585e-01
      19   8.901832687574e-01
      20   8.901829209331e-01
      21   8.901826925805e-01
      22   8.901825495212e-01
      23   8.901824849302e-01
      24   8.901824458485e-01
      25   8.901823826082e-01
      26   8.901822719188e-01
      27   8.901820712834e-01
      28   8.901817062567e-01
      29   8.901810548341e-01
      30   8.901799478312e-01
      31   8.901782632322e-01
      32   8.901769624250e-01
      33   8.901765010933e-01
      34   8.901764320738e-01
      35   8.901764275210e-01
      36   8.901764263137e-01
      37   8.901764242431e-01
      38   8.901764207144e-01
      39   8.901764148932e-01
      40   8.901764053350e-01
      41   8.901762564032e-01
      42   8.901762542555e-01
      43   8.901759703157e-01
      44   8.901755651088e-01
      45   8.901751787743e-01
      46   8.901746834243e-01
      47   8.901741352846e-01
      48   8.901738929323e-01
      49   8.901738757276e-01
      50   8.901738527388e-01
      51   8.901738104452e-01
      52   8.901737303859e-01
      53   8.901735769183e-01
      54   8.901723360147e-01
      55   8.890914199880e-01
      56   8.890912741505e-01
      57   8.887174788715e-01
      58   8.880180370224e-01
      59   8.869291534562e-01
      60   8.856911476904e-01
      61   8.839560595625e-01
      62   8.710330275362e-01
      63   8.584431547252e-01
      64   8.507613097753e-01
      65   7.965235521117e-01
      66   7.816295255896e-01
      67   7.591904267886e-01
      68   7.506322033504e-01
      69   7.461425829026e-01
      70   7.413367500824e-01
      71   7.390964597409e-01
      72   7.379246276447e-01
      73   7.374721749127e-01
      74   7.372204811499e-01
      75   7.371024044660e-01
      76   7.370406067190e-01
      77   7.370193130239e-01
      78   7.370062585659e-01
      79   7.370001156421e-01
      80   7.369970885715e-01
      81   7.369952395149e-01
      82   7.369943956866e-01
      83   7.369942160067e-01
      84   7.369942000823e-01
      85   7.369941984025e-01
      86   7.369941959998e-01
      87   7.369941917192e-01
      88   7.369941837810e-01
      89   7.369941688292e-01
      90   7.369941405058e-01
      91   7.369940865599e-01
      92   7.369939838504e-01
      93   7.369937907672e-01
      94   7.369934447150e-01
      95   7.369929306511e-01
      96   7.369921980380e-01
      97   7.369910193566e-01
      98   7.369889766985e-01
      99   7.369854052783e-01
     100   7.369792074419e-01
     101   7.369684060249e-01
     102   7.369494204978e-01
     103   7.369160001376e-01
     104   7.368573704308e-01
     105   7.367547108533e-01
     106   7.365747564915e-01
     107   7.362593500042e-01
     108   7.357096216702e-01
     109   7.347663628556e-01
     110   7.332106236664e-01
     111   7.308685641677e-01
     112   7.277821099734e-01
     113   7.268554868300e-01
     114   7.192031388808e-01
     115   7.082931442136e-01
     116   7.007610352231e-01
     117   6.931658601748e-01
     118   6.883404381164e-01
     119   6.866569964818e-01
     120   6.864918969170e-01
     121   6.862164209390e-01
     122   6.858762067836e-01
     123   6.857931666597e-01
     124   6.857548374324e-01
     125   6.857465686798e-01
     126   6.857442538732e-01
     127   6.857427887135e-01
     128   6.857422546694e-01
     129   6.857421571918e-01
     130   6.857421496939e-01
     131   6.857421491807e-01
