# nlayer   iteration    cost = 1 - F_e
# theta_target = 0.3927, cutoffA = 10, cutoffB = 2
     1          0   7.242924604998e-01
     1          1   5.583343731795e-01
     1          2   5.483929295662e-01
     1          3   5.418813275109e-01
     1          4   5.372703193578e-01
     1          5   5.372633808985e-01
     1          6   5.372590879085e-01
     1          7   5.372590605018e-01
     1          8   5.372590494001e-01
     1          9   5.372590409150e-01
     1         10   5.372590406917e-01

     2          0   7.368940049729e-01
     2          1   5.474320868896e-01
     2          2   5.413451116573e-01
     2          3   5.384338905460e-01
     2          4   5.380647266956e-01
     2          5   5.379481092998e-01
     2          6   5.377374283943e-01
     2          7   5.374178474045e-01
     2          8   5.372704674828e-01
     2          9   5.372594762914e-01
     2         10   5.372590423864e-01
     2         11   5.372590406921e-01

     3          0   9.238663789154e-01
     3          1   5.612262722616e-01
     3          2   5.545312047773e-01
     3          3   5.440053221899e-01
     3          4   5.396190979488e-01
     3          5   5.389881671208e-01
     3          6   5.386041678168e-01
     3          7   5.380340072101e-01
     3          8   5.376086020022e-01
     3          9   5.374499791570e-01
     3         10   5.373987227243e-01
     3         11   5.373701428739e-01
     3         12   5.373473657513e-01
     3         13   5.373345427553e-01
     3         14   5.373223632064e-01
     3         15   5.373058268521e-01
     3         16   5.372880999520e-01
     3         17   5.372773188640e-01
     3         18   5.372738919929e-01
     3         19   5.372726408710e-01
     3         20   5.372709728747e-01
     3         21   5.372684405553e-01
     3         22   5.372656191535e-01
     3         23   5.372637448568e-01
     3         24   5.372628629231e-01
     3         25   5.372624367774e-01
     3         26   5.372621342334e-01
     3         27   5.372617607644e-01
     3         28   5.372612084726e-01
     3         29   5.372604115102e-01
     3         30   5.372595539593e-01
     3         31   5.372591086134e-01
     3         32   5.372590460460e-01
     3         33   5.372590416675e-01

     4          0   6.702484309842e-01
     4          1   5.457512038910e-01
     4          2   5.395804342503e-01
     4          3   5.387678393061e-01
     4          4   5.381394645996e-01
     4          5   5.376556126673e-01
     4          6   5.375893807336e-01
     4          7   5.375286921787e-01
     4          8   5.374354473487e-01
     4          9   5.373376388817e-01
     4         10   5.372911813214e-01
     4         11   5.372727468681e-01
     4         12   5.372576777649e-01
     4         13   5.372340319280e-01
     4         14   5.372013447488e-01
     4         15   5.371721663290e-01
     4         16   5.371339557386e-01
     4         17   5.370857613579e-01
     4         18   5.370041865777e-01
     4         19   5.368523015093e-01
     4         20   5.365684419765e-01
     4         21   5.362423118260e-01
     4         22   5.356896516573e-01
     4         23   5.336120510762e-01
     4         24   5.312606456240e-01
     4         25   5.289675709427e-01
     4         26   5.245399002884e-01
     4         27   5.161065209407e-01
     4         28   5.021876267484e-01
     4         29   4.897473746246e-01
     4         30   4.773995192975e-01
     4         31   4.569024014553e-01
     4         32   4.232089606441e-01
     4         33   3.919168346605e-01
     4         34   3.785251783919e-01
     4         35   3.594559332502e-01
     4         36   3.508628025371e-01
     4         37   3.373628968663e-01
     4         38   3.202139703552e-01
     4         39   3.099987818833e-01
     4         40   2.961723302742e-01
     4         41   2.808576574768e-01
     4         42   2.766931350843e-01
     4         43   2.734256758793e-01
     4         44   2.717861641504e-01
     4         45   2.707163289356e-01
     4         46   2.693836786460e-01
     4         47   2.687882658794e-01
     4         48   2.684694028341e-01
     4         49   2.681064205032e-01
     4         50   2.678898377286e-01
     4         51   2.677905149307e-01
     4         52   2.677628152577e-01
     4         53   2.677511992689e-01
     4         54   2.677449011963e-01
     4         55   2.677427054456e-01
     4         56   2.677420165999e-01
     4         57   2.677416374564e-01
     4         58   2.677413956189e-01
     4         59   2.677412933888e-01
     4         60   2.677412601284e-01
     4         61   2.677412499876e-01
     4         62   2.677412475600e-01
     4         63   2.677412471768e-01

     5          0   5.406775836190e-01
     5          1   3.137905811565e-01
     5          2   2.942580737072e-01
     5          3   2.823569431709e-01
     5          4   2.745363960982e-01
     5          5   2.712941216592e-01
     5          6   2.699494892295e-01
     5          7   2.693067221835e-01
     5          8   2.686927952547e-01
     5          9   2.682265432388e-01
     5         10   2.679163177159e-01
     5         11   2.677651997092e-01
     5         12   2.674896599680e-01
     5         13   2.651953761916e-01
     5         14   2.644919297520e-01
     5         15   2.632267197269e-01
     5         16   2.609655567929e-01
     5         17   2.571969054216e-01
     5         18   2.512446359521e-01
     5         19   2.412304401579e-01
     5         20   2.250883881762e-01
     5         21   2.061180872670e-01
     5         22   1.896346934606e-01
     5         23   1.634914301766e-01
     5         24   1.305399512725e-01
     5         25   1.132717985170e-01
     5         26   9.869099238047e-02
     5         27   8.784635034061e-02
     5         28   8.165473929531e-02
     5         29   7.531549932104e-02
     5         30   6.942942607178e-02
     5         31   6.466638841983e-02
     5         32   5.942321880017e-02
     5         33   5.659205812499e-02
     5         34   5.482465839078e-02
     5         35   5.428516818405e-02
     5         36   5.387733715842e-02
     5         37   5.353586473812e-02
     5         38   5.300755875399e-02
     5         39   5.248870386959e-02
     5         40   5.214132124051e-02
     5         41   5.175398648674e-02
     5         42   5.161527410665e-02
     5         43   5.154342101348e-02
     5         44   5.147860304934e-02
     5         45   5.140968258090e-02
     5         46   5.135385726271e-02
     5         47   5.132032367789e-02
     5         48   5.130308444555e-02
     5         49   5.128974249077e-02
     5         50   5.128124356423e-02
     5         51   5.127734201389e-02
     5         52   5.127598761111e-02
     5         53   5.127557118990e-02
     5         54   5.127545939809e-02
     5         55   5.127543890192e-02
     5         56   5.127543628798e-02
     5         57   5.127543594852e-02

     6          0   3.116363896947e-01
     6          1   8.799457922629e-02
     6          2   6.708771163442e-02
     6          3   5.978277675328e-02
     6          4   5.391087891976e-02
     6          5   5.239164803907e-02
     6          6   5.219740209857e-02
     6          7   5.187882955806e-02
     6          8   5.157797755258e-02
     6          9   5.134417698407e-02
     6         10   5.122722493500e-02
     6         11   5.105008132945e-02
     6         12   5.097722374281e-02
     6         13   5.085589109577e-02
     6         14   5.066110700105e-02
     6         15   5.036604419929e-02
     6         16   4.985837649382e-02
     6         17   4.916466444950e-02
     6         18   4.878183516353e-02
     6         19   4.808613937649e-02
     6         20   4.685049911278e-02
     6         21   4.493915547402e-02
     6         22   4.342192859358e-02
     6         23   4.140594926297e-02
     6         24   3.807516346729e-02
     6         25   3.229789651413e-02
     6         26   2.747405693518e-02
     6         27   2.397420441736e-02
     6         28   1.960816174916e-02
     6         29   1.767740855281e-02
     6         30   1.483376330860e-02
     6         31   1.248687378628e-02
     6         32   1.087600254582e-02
     6         33   8.388941945229e-03
     6         34   6.962093494637e-03
     6         35   5.990210448111e-03
     6         36   5.349643518358e-03
     6         37   4.532822436384e-03
     6         38   3.950950798077e-03
     6         39   3.687833430018e-03
     6         40   3.606626044002e-03
     6         41   3.539380363123e-03
     6         42   3.476954741949e-03
     6         43   3.419316581865e-03
     6         44   3.338075789357e-03
     6         45   3.201367141179e-03
     6         46   2.990050057116e-03
     6         47   2.784328369830e-03
     6         48   2.662178741211e-03
     6         49   2.592135646516e-03
     6         50   2.531894973141e-03
     6         51   2.498606528280e-03
     6         52   2.453777222923e-03
     6         53   2.423077136845e-03
     6         54   2.391992191876e-03
     6         55   2.367114984326e-03
     6         56   2.347917145258e-03
     6         57   2.324432384711e-03
     6         58   2.293912787034e-03
     6         59   2.264512947447e-03
     6         60   2.235766063874e-03
     6         61   2.209923956125e-03
     6         62   2.193779878060e-03
     6         63   2.186946149145e-03
     6         64   2.183723346942e-03
     6         65   2.182013496064e-03
     6         66   2.181212796929e-03
     6         67   2.180890060044e-03
     6         68   2.180646332944e-03
     6         69   2.180274041852e-03
     6         70   2.179684368285e-03
     6         71   2.178760631199e-03
     6         72   2.177503764871e-03
     6         73   2.176625664891e-03
     6         74   2.176241730124e-03
     6         75   2.176171965814e-03
     6         76   2.176144728745e-03
     6         77   2.176101427749e-03
     6         78   2.176029333364e-03
     6         79   2.175906401244e-03
     6         80   2.175700401079e-03
     6         81   2.175384731646e-03
     6         82   2.175080127848e-03
     6         83   2.174914809640e-03
     6         84   2.174845523570e-03
     6         85   2.174837431399e-03
     6         86   2.174836076894e-03
     6         87   2.174835682735e-03

     7          0   1.358273596141e-01
     7          1   5.804644502683e-02
     7          2   2.486463171169e-02
     7          3   1.399513515970e-02
     7          4   1.147005937357e-02
     7          5   7.398937506905e-03
     7          6   3.235212701281e-03
     7          7   2.798861775624e-03
     7          8   2.657126987534e-03
     7          9   2.446644292657e-03
     7         10   2.362601680900e-03
     7         11   2.340913556421e-03
     7         12   2.308640108949e-03
     7         13   2.297987274330e-03
     7         14   2.288243128946e-03
     7         15   2.281317544220e-03
     7         16   2.270193848107e-03
     7         17   2.255161743781e-03
     7         18   2.237512264740e-03
     7         19   2.226409084623e-03
     7         20   2.222466454004e-03
     7         21   2.216230933973e-03
     7         22   2.211230728997e-03
     7         23   2.210516856552e-03
     7         24   2.209253688388e-03
     7         25   2.206962075375e-03
     7         26   2.202939818790e-03
     7         27   2.196423106360e-03
     7         28   2.188406822360e-03
     7         29   2.184941922846e-03
     7         30   2.179226224402e-03
     7         31   2.173464011979e-03
     7         32   2.173242164234e-03
     7         33   2.173038727762e-03
     7         34   2.172810468251e-03
     7         35   2.172643285837e-03
     7         36   2.172592030736e-03
     7         37   2.172580570369e-03
     7         38   2.172570960525e-03
     7         39   2.172554195678e-03
     7         40   2.172524492672e-03
     7         41   2.172473265150e-03
     7         42   2.172393698424e-03
     7         43   2.172321627372e-03
     7         44   2.172290552284e-03
     7         45   2.172274189740e-03
     7         46   2.172269968663e-03
     7         47   2.172264487616e-03
     7         48   2.172255287002e-03
     7         49   2.172239613628e-03
     7         50   2.172214047494e-03
     7         51   2.172179042259e-03
     7         52   2.172159577736e-03
     7         53   2.172147904857e-03
     7         54   2.172144326050e-03
     7         55   2.172141405983e-03
     7         56   2.172136467708e-03
     7         57   2.172127701659e-03
     7         58   2.172111770188e-03
     7         59   2.172082608732e-03
     7         60   2.172029557581e-03
     7         61   2.171934538067e-03
     7         62   2.171768818343e-03
     7         63   2.171495640021e-03
     7         64   2.171092246281e-03
     7         65   2.170645087439e-03
     7         66   2.170105346088e-03
     7         67   2.169877622665e-03
     7         68   2.169558465290e-03
     7         69   2.169371609796e-03
     7         70   2.169325406738e-03
     7         71   2.169252552245e-03
     7         72   2.169136009680e-03
     7         73   2.168939169593e-03
     7         74   2.168597636057e-03
     7         75   2.168014493893e-03
     7         76   2.167095235420e-03
     7         77   2.165950990585e-03
     7         78   2.165300062046e-03
     7         79   2.164992385442e-03
     7         80   2.164948863102e-03
     7         81   2.164874638552e-03
     7         82   2.164751822646e-03
     7         83   2.164572923672e-03
     7         84   2.164410075295e-03
     7         85   2.164279455190e-03
     7         86   2.164205520135e-03
     7         87   2.164087156877e-03
     7         88   2.163897767350e-03
     7         89   2.163593312544e-03
     7         90   2.163213611371e-03
     7         91   2.162726048895e-03
     7         92   2.162421913645e-03
     7         93   2.161989556399e-03
     7         94   2.161594832289e-03
     7         95   2.161242773444e-03
     7         96   2.160944568979e-03
     7         97   2.160649766567e-03
     7         98   2.160390238981e-03
     7         99   2.160031161305e-03
     7        100   2.159856398619e-03
     7        101   2.159775156815e-03
     7        102   2.159699378865e-03
     7        103   2.159634517177e-03
     7        104   2.159540268417e-03
     7        105   2.159385797802e-03
     7        106   2.159112594286e-03
     7        107   2.158618924593e-03
     7        108   2.157738004131e-03
     7        109   2.156206689792e-03
     7        110   2.153374489488e-03
     7        111   2.144427955479e-03
     7        112   2.142734931680e-03
     7        113   2.139679240957e-03
     7        114   2.134220268863e-03
     7        115   2.125594120765e-03
     7        116   2.118049347414e-03
     7        117   2.115520715938e-03
     7        118   2.111047628808e-03
     7        119   2.102975281732e-03
     7        120   2.089898625056e-03
     7        121   2.071481645044e-03
     7        122   2.044276928951e-03
     7        123   2.027774494501e-03
     7        124   2.000683075216e-03
     7        125   1.974310489773e-03
     7        126   1.930052483666e-03
     7        127   1.881341021937e-03
     7        128   1.806495340171e-03
     7        129   1.738002502977e-03
     7        130   1.654758503469e-03
     7        131   1.615384828576e-03
     7        132   1.585401859934e-03
     7        133   1.548984494131e-03
     7        134   1.539266802720e-03
     7        135   1.523348492487e-03
     7        136   1.502373916465e-03
     7        137   1.487380499757e-03
     7        138   1.467680047966e-03
     7        139   1.442065916125e-03
     7        140   1.395897038682e-03
     7        141   1.322661047354e-03
     7        142   1.261891235384e-03
     7        143   1.189439155917e-03
     7        144   1.120057156136e-03
     7        145   1.043919133395e-03
     7        146   9.987176850556e-04
     7        147   9.452376365323e-04
     7        148   9.076698334514e-04
     7        149   8.562646199676e-04
     7        150   7.930678002006e-04
     7        151   7.767375220470e-04
     7        152   7.473459015537e-04
     7        153   6.974644461301e-04
     7        154   6.292608060842e-04
     7        155   5.742822866678e-04
     7        156   5.313037450481e-04
     7        157   5.032141627379e-04
     7        158   4.780029324405e-04
     7        159   4.592790003798e-04
     7        160   4.417632866119e-04
     7        161   4.198184555991e-04
     7        162   3.978357867193e-04
     7        163   3.825428378574e-04
     7        164   3.639614905938e-04
     7        165   3.391282391234e-04
     7        166   3.195525808743e-04
     7        167   3.162203696797e-04
     7        168   3.103465968241e-04
     7        169   3.008951166518e-04
     7        170   2.917806403855e-04
     7        171   2.827569460425e-04
     7        172   2.703915870274e-04
     7        173   2.483258921308e-04
     7        174   2.171111501074e-04
     7        175   2.091858185886e-04
     7        176   1.984502395831e-04
     7        177   1.899756692842e-04
     7        178   1.828493301607e-04
     7        179   1.737361785322e-04
     7        180   1.641258758416e-04
     7        181   1.530368508839e-04
     7        182   1.425691299974e-04
     7        183   1.339788056035e-04
     7        184   1.289027834581e-04
     7        185   1.218073528552e-04
     7        186   1.134453656002e-04
     7        187   1.057833410277e-04
     7        188   9.993793172303e-05
     7        189   9.668867183210e-05
     7        190   9.452622892725e-05
     7        191   9.263931310255e-05
     7        192   8.984114129162e-05
     7        193   8.680018019958e-05
     7        194   8.401160282123e-05
     7        195   8.114810785254e-05
     7        196   7.910509355324e-05
     7        197   7.732051688325e-05
     7        198   7.618462753411e-05
     7        199   7.541632443375e-05
     7        200   7.516706015243e-05
     7        201   7.491190153186e-05
     7        202   7.474174398459e-05
     7        203   7.453890687115e-05
     7        204   7.429558798522e-05
     7        205   7.391929233658e-05
     7        206   7.333001880083e-05
     7        207   7.243949223035e-05
     7        208   7.149540219675e-05
     7        209   7.102485217303e-05
     7        210   7.087094482539e-05
     7        211   7.079208694294e-05
     7        212   7.067335312494e-05
     7        213   7.049374937307e-05
     7        214   7.031064501850e-05
     7        215   7.022171326865e-05
     7        216   7.018573968509e-05
     7        217   7.016350634559e-05
     7        218   7.013398319144e-05
     7        219   7.008749570647e-05
     7        220   7.001394672101e-05
     7        221   6.989787972822e-05
     7        222   6.971589879723e-05
     7        223   6.943869641018e-05
     7        224   6.910614774303e-05
     7        225   6.885523995181e-05
     7        226   6.874805728674e-05
     7        227   6.871661616681e-05
     7        228   6.870677726223e-05
     7        229   6.870008614246e-05
     7        230   6.868910447078e-05
     7        231   6.866958961183e-05
     7        232   6.863422309156e-05
     7        233   6.857007665129e-05
     7        234   6.845576908632e-05
     7        235   6.826000553872e-05
     7        236   6.795308586649e-05
     7        237   6.756559712295e-05
     7        238   6.717063871775e-05
     7        239   6.678393254178e-05
     7        240   6.672828945753e-05
     7        241   6.670298260614e-05
     7        242   6.669829387707e-05
     7        243   6.669222658529e-05
     7        244   6.668666316456e-05
     7        245   6.668117973552e-05
     7        246   6.667439204466e-05
     7        247   6.666416138645e-05
     7        248   6.664784515120e-05
     7        249   6.662134761060e-05
     7        250   6.657712315539e-05
     7        251   6.650218222193e-05
     7        252   6.637484606897e-05
     7        253   6.616551976890e-05
     7        254   6.585217298094e-05
     7        255   6.552773863133e-05
     7        256   6.515334576818e-05
     7        257   6.500113154406e-05
     7        258   6.477361080726e-05
     7        259   6.466673749783e-05
     7        260   6.464736000422e-05
     7        261   6.461916235034e-05
     7        262   6.460369025485e-05
     7        263   6.459463945985e-05
     7        264   6.458882371252e-05
     7        265   6.458182158187e-05
     7        266   6.457965402118e-05
     7        267   6.457810998228e-05
     7        268   6.457766828261e-05

