# iteration    cost = 1 - F_e
# Nlayers = 3, theta_target = 0.3927, cutoffA = 10, cutoffB = 2
       0   9.238663789154e-01
       1   5.612262722616e-01
       2   5.545312047773e-01
       3   5.440053221899e-01
       4   5.396190979488e-01
       5   5.389881671208e-01
       6   5.386041678168e-01
       7   5.380340072101e-01
       8   5.376086020022e-01
       9   5.374499791570e-01
      10   5.373987227243e-01
      11   5.373701428739e-01
      12   5.373473657513e-01
      13   5.373345427553e-01
      14   5.373223632064e-01
      15   5.373058268521e-01
      16   5.372880999520e-01
      17   5.372773188640e-01
      18   5.372738919929e-01
      19   5.372726408710e-01
      20   5.372709728747e-01
      21   5.372684405553e-01
      22   5.372656191535e-01
      23   5.372637448568e-01
      24   5.372628629231e-01
      25   5.372624367774e-01
      26   5.372621342334e-01
      27   5.372617607644e-01
      28   5.372612084726e-01
      29   5.372604115102e-01
      30   5.372595539593e-01
      31   5.372591086134e-01
      32   5.372590460460e-01
      33   5.372590416675e-01
