# iteration    cost = 1 - F_e
# Nlayers = 6, theta_target = 0.3927, cutoffA = 10, cutoffB = 2
       0   3.116363896947e-01
       1   8.799457922629e-02
       2   6.708771163442e-02
       3   5.978277675328e-02
       4   5.391087891976e-02
       5   5.239164803907e-02
       6   5.219740209857e-02
       7   5.187882955806e-02
       8   5.157797755258e-02
       9   5.134417698407e-02
      10   5.122722493500e-02
      11   5.105008132945e-02
      12   5.097722374281e-02
      13   5.085589109577e-02
      14   5.066110700105e-02
      15   5.036604419929e-02
      16   4.985837649382e-02
      17   4.916466444950e-02
      18   4.878183516353e-02
      19   4.808613937649e-02
      20   4.685049911278e-02
      21   4.493915547402e-02
      22   4.342192859358e-02
      23   4.140594926297e-02
      24   3.807516346729e-02
      25   3.229789651413e-02
      26   2.747405693518e-02
      27   2.397420441736e-02
      28   1.960816174916e-02
      29   1.767740855281e-02
      30   1.483376330860e-02
      31   1.248687378628e-02
      32   1.087600254582e-02
      33   8.388941945229e-03
      34   6.962093494637e-03
      35   5.990210448111e-03
      36   5.349643518358e-03
      37   4.532822436384e-03
      38   3.950950798077e-03
      39   3.687833430018e-03
      40   3.606626044002e-03
      41   3.539380363123e-03
      42   3.476954741949e-03
      43   3.419316581865e-03
      44   3.338075789357e-03
      45   3.201367141179e-03
      46   2.990050057116e-03
      47   2.784328369830e-03
      48   2.662178741211e-03
      49   2.592135646516e-03
      50   2.531894973141e-03
      51   2.498606528280e-03
      52   2.453777222923e-03
      53   2.423077136845e-03
      54   2.391992191876e-03
      55   2.367114984326e-03
      56   2.347917145258e-03
      57   2.324432384711e-03
      58   2.293912787034e-03
      59   2.264512947447e-03
      60   2.235766063874e-03
      61   2.209923956125e-03
      62   2.193779878060e-03
      63   2.186946149145e-03
      64   2.183723346942e-03
      65   2.182013496064e-03
      66   2.181212796929e-03
      67   2.180890060044e-03
      68   2.180646332944e-03
      69   2.180274041852e-03
      70   2.179684368285e-03
      71   2.178760631199e-03
      72   2.177503764871e-03
      73   2.176625664891e-03
      74   2.176241730124e-03
      75   2.176171965814e-03
      76   2.176144728745e-03
      77   2.176101427749e-03
      78   2.176029333364e-03
      79   2.175906401244e-03
      80   2.175700401079e-03
      81   2.175384731646e-03
      82   2.175080127848e-03
      83   2.174914809640e-03
      84   2.174845523570e-03
      85   2.174837431399e-03
      86   2.174836076894e-03
      87   2.174835682735e-03
