# iteration    cost = 1 - F_e
# Nlayers = 4, theta_target = 0.3927, cutoffA = 10, cutoffB = 2
       0   6.702484309842e-01
       1   5.457512038910e-01
       2   5.395804342503e-01
       3   5.387678393061e-01
       4   5.381394645996e-01
       5   5.376556126673e-01
       6   5.375893807336e-01
       7   5.375286921787e-01
       8   5.374354473487e-01
       9   5.373376388817e-01
      10   5.372911813214e-01
      11   5.372727468681e-01
      12   5.372576777649e-01
      13   5.372340319280e-01
      14   5.372013447488e-01
      15   5.371721663290e-01
      16   5.371339557386e-01
      17   5.370857613579e-01
      18   5.370041865777e-01
      19   5.368523015093e-01
      20   5.365684419765e-01
      21   5.362423118260e-01
      22   5.356896516573e-01
      23   5.336120510762e-01
      24   5.312606456240e-01
      25   5.289675709427e-01
      26   5.245399002884e-01
      27   5.161065209407e-01
      28   5.021876267484e-01
      29   4.897473746246e-01
      30   4.773995192975e-01
      31   4.569024014553e-01
      32   4.232089606441e-01
      33   3.919168346605e-01
      34   3.785251783919e-01
      35   3.594559332502e-01
      36   3.508628025371e-01
      37   3.373628968663e-01
      38   3.202139703552e-01
      39   3.099987818833e-01
      40   2.961723302742e-01
      41   2.808576574768e-01
      42   2.766931350843e-01
      43   2.734256758793e-01
      44   2.717861641504e-01
      45   2.707163289356e-01
      46   2.693836786460e-01
      47   2.687882658794e-01
      48   2.684694028341e-01
      49   2.681064205032e-01
      50   2.678898377286e-01
      51   2.677905149307e-01
      52   2.677628152577e-01
      53   2.677511992689e-01
      54   2.677449011963e-01
      55   2.677427054456e-01
      56   2.677420165999e-01
      57   2.677416374564e-01
      58   2.677413956189e-01
      59   2.677412933888e-01
      60   2.677412601284e-01
      61   2.677412499876e-01
      62   2.677412475600e-01
      63   2.677412471768e-01
