# iteration    cost = 1 - F_e
# Nlayers = 5, theta_target = 0.3927, cutoffA = 10, cutoffB = 2
       0   5.406775836190e-01
       1   3.137905811565e-01
       2   2.942580737072e-01
       3   2.823569431709e-01
       4   2.745363960982e-01
       5   2.712941216592e-01
       6   2.699494892295e-01
       7   2.693067221835e-01
       8   2.686927952547e-01
       9   2.682265432388e-01
      10   2.679163177159e-01
      11   2.677651997092e-01
      12   2.674896599680e-01
      13   2.651953761916e-01
      14   2.644919297520e-01
      15   2.632267197269e-01
      16   2.609655567929e-01
      17   2.571969054216e-01
      18   2.512446359521e-01
      19   2.412304401579e-01
      20   2.250883881762e-01
      21   2.061180872670e-01
      22   1.896346934606e-01
      23   1.634914301766e-01
      24   1.305399512725e-01
      25   1.132717985170e-01
      26   9.869099238047e-02
      27   8.784635034061e-02
      28   8.165473929531e-02
      29   7.531549932104e-02
      30   6.942942607178e-02
      31   6.466638841983e-02
      32   5.942321880017e-02
      33   5.659205812499e-02
      34   5.482465839078e-02
      35   5.428516818405e-02
      36   5.387733715842e-02
      37   5.353586473812e-02
      38   5.300755875399e-02
      39   5.248870386959e-02
      40   5.214132124051e-02
      41   5.175398648674e-02
      42   5.161527410665e-02
      43   5.154342101348e-02
      44   5.147860304934e-02
      45   5.140968258090e-02
      46   5.135385726271e-02
      47   5.132032367789e-02
      48   5.130308444555e-02
      49   5.128974249077e-02
      50   5.128124356423e-02
      51   5.127734201389e-02
      52   5.127598761111e-02
      53   5.127557118990e-02
      54   5.127545939809e-02
      55   5.127543890192e-02
      56   5.127543628798e-02
      57   5.127543594852e-02
