# iteration    cost = 1 - F_e
# Nlayers = 7, theta_target = 0.3927, cutoffA = 10, cutoffB = 2
       0   1.358273596141e-01
       1   5.804644502683e-02
       2   2.486463171169e-02
       3   1.399513515970e-02
       4   1.147005937357e-02
       5   7.398937506905e-03
       6   3.235212701281e-03
       7   2.798861775624e-03
       8   2.657126987534e-03
       9   2.446644292657e-03
      10   2.362601680900e-03
      11   2.340913556421e-03
      12   2.308640108949e-03
      13   2.297987274330e-03
      14   2.288243128946e-03
      15   2.281317544220e-03
      16   2.270193848107e-03
      17   2.255161743781e-03
      18   2.237512264740e-03
      19   2.226409084623e-03
      20   2.222466454004e-03
      21   2.216230933973e-03
      22   2.211230728997e-03
      23   2.210516856552e-03
      24   2.209253688388e-03
      25   2.206962075375e-03
      26   2.202939818790e-03
      27   2.196423106360e-03
      28   2.188406822360e-03
      29   2.184941922846e-03
      30   2.179226224402e-03
      31   2.173464011979e-03
      32   2.173242164234e-03
      33   2.173038727762e-03
      34   2.172810468251e-03
      35   2.172643285837e-03
      36   2.172592030736e-03
      37   2.172580570369e-03
      38   2.172570960525e-03
      39   2.172554195678e-03
      40   2.172524492672e-03
      41   2.172473265150e-03
      42   2.172393698424e-03
      43   2.172321627372e-03
      44   2.172290552284e-03
      45   2.172274189740e-03
      46   2.172269968663e-03
      47   2.172264487616e-03
      48   2.172255287002e-03
      49   2.172239613628e-03
      50   2.172214047494e-03
      51   2.172179042259e-03
      52   2.172159577736e-03
      53   2.172147904857e-03
      54   2.172144326050e-03
      55   2.172141405983e-03
      56   2.172136467708e-03
      57   2.172127701659e-03
      58   2.172111770188e-03
      59   2.172082608732e-03
      60   2.172029557581e-03
      61   2.171934538067e-03
      62   2.171768818343e-03
      63   2.171495640021e-03
      64   2.171092246281e-03
      65   2.170645087439e-03
      66   2.170105346088e-03
      67   2.169877622665e-03
      68   2.169558465290e-03
      69   2.169371609796e-03
      70   2.169325406738e-03
      71   2.169252552245e-03
      72   2.169136009680e-03
      73   2.168939169593e-03
      74   2.168597636057e-03
      75   2.168014493893e-03
      76   2.167095235420e-03
      77   2.165950990585e-03
      78   2.165300062046e-03
      79   2.164992385442e-03
      80   2.164948863102e-03
      81   2.164874638552e-03
      82   2.164751822646e-03
      83   2.164572923672e-03
      84   2.164410075295e-03
      85   2.164279455190e-03
      86   2.164205520135e-03
      87   2.164087156877e-03
      88   2.163897767350e-03
      89   2.163593312544e-03
      90   2.163213611371e-03
      91   2.162726048895e-03
      92   2.162421913645e-03
      93   2.161989556399e-03
      94   2.161594832289e-03
      95   2.161242773444e-03
      96   2.160944568979e-03
      97   2.160649766567e-03
      98   2.160390238981e-03
      99   2.160031161305e-03
     100   2.159856398619e-03
     101   2.159775156815e-03
     102   2.159699378865e-03
     103   2.159634517177e-03
     104   2.159540268417e-03
     105   2.159385797802e-03
     106   2.159112594286e-03
     107   2.158618924593e-03
     108   2.157738004131e-03
     109   2.156206689792e-03
     110   2.153374489488e-03
     111   2.144427955479e-03
     112   2.142734931680e-03
     113   2.139679240957e-03
     114   2.134220268863e-03
     115   2.125594120765e-03
     116   2.118049347414e-03
     117   2.115520715938e-03
     118   2.111047628808e-03
     119   2.102975281732e-03
     120   2.089898625056e-03
     121   2.071481645044e-03
     122   2.044276928951e-03
     123   2.027774494501e-03
     124   2.000683075216e-03
     125   1.974310489773e-03
     126   1.930052483666e-03
     127   1.881341021937e-03
     128   1.806495340171e-03
     129   1.738002502977e-03
     130   1.654758503469e-03
     131   1.615384828576e-03
     132   1.585401859934e-03
     133   1.548984494131e-03
     134   1.539266802720e-03
     135   1.523348492487e-03
     136   1.502373916465e-03
     137   1.487380499757e-03
     138   1.467680047966e-03
     139   1.442065916125e-03
     140   1.395897038682e-03
     141   1.322661047354e-03
     142   1.261891235384e-03
     143   1.189439155917e-03
     144   1.120057156136e-03
     145   1.043919133395e-03
     146   9.987176850556e-04
     147   9.452376365323e-04
     148   9.076698334514e-04
     149   8.562646199676e-04
     150   7.930678002006e-04
     151   7.767375220470e-04
     152   7.473459015537e-04
     153   6.974644461301e-04
     154   6.292608060842e-04
     155   5.742822866678e-04
     156   5.313037450481e-04
     157   5.032141627379e-04
     158   4.780029324405e-04
     159   4.592790003798e-04
     160   4.417632866119e-04
     161   4.198184555991e-04
     162   3.978357867193e-04
     163   3.825428378574e-04
     164   3.639614905938e-04
     165   3.391282391234e-04
     166   3.195525808743e-04
     167   3.162203696797e-04
     168   3.103465968241e-04
     169   3.008951166518e-04
     170   2.917806403855e-04
     171   2.827569460425e-04
     172   2.703915870274e-04
     173   2.483258921308e-04
     174   2.171111501074e-04
     175   2.091858185886e-04
     176   1.984502395831e-04
     177   1.899756692842e-04
     178   1.828493301607e-04
     179   1.737361785322e-04
     180   1.641258758416e-04
     181   1.530368508839e-04
     182   1.425691299974e-04
     183   1.339788056035e-04
     184   1.289027834581e-04
     185   1.218073528552e-04
     186   1.134453656002e-04
     187   1.057833410277e-04
     188   9.993793172303e-05
     189   9.668867183210e-05
     190   9.452622892725e-05
     191   9.263931310255e-05
     192   8.984114129162e-05
     193   8.680018019958e-05
     194   8.401160282123e-05
     195   8.114810785254e-05
     196   7.910509355324e-05
     197   7.732051688325e-05
     198   7.618462753411e-05
     199   7.541632443375e-05
     200   7.516706015243e-05
     201   7.491190153186e-05
     202   7.474174398459e-05
     203   7.453890687115e-05
     204   7.429558798522e-05
     205   7.391929233658e-05
     206   7.333001880083e-05
     207   7.243949223035e-05
     208   7.149540219675e-05
     209   7.102485217303e-05
     210   7.087094482539e-05
     211   7.079208694294e-05
     212   7.067335312494e-05
     213   7.049374937307e-05
     214   7.031064501850e-05
     215   7.022171326865e-05
     216   7.018573968509e-05
     217   7.016350634559e-05
     218   7.013398319144e-05
     219   7.008749570647e-05
     220   7.001394672101e-05
     221   6.989787972822e-05
     222   6.971589879723e-05
     223   6.943869641018e-05
     224   6.910614774303e-05
     225   6.885523995181e-05
     226   6.874805728674e-05
     227   6.871661616681e-05
     228   6.870677726223e-05
     229   6.870008614246e-05
     230   6.868910447078e-05
     231   6.866958961183e-05
     232   6.863422309156e-05
     233   6.857007665129e-05
     234   6.845576908632e-05
     235   6.826000553872e-05
     236   6.795308586649e-05
     237   6.756559712295e-05
     238   6.717063871775e-05
     239   6.678393254178e-05
     240   6.672828945753e-05
     241   6.670298260614e-05
     242   6.669829387707e-05
     243   6.669222658529e-05
     244   6.668666316456e-05
     245   6.668117973552e-05
     246   6.667439204466e-05
     247   6.666416138645e-05
     248   6.664784515120e-05
     249   6.662134761060e-05
     250   6.657712315539e-05
     251   6.650218222193e-05
     252   6.637484606897e-05
     253   6.616551976890e-05
     254   6.585217298094e-05
     255   6.552773863133e-05
     256   6.515334576818e-05
     257   6.500113154406e-05
     258   6.477361080726e-05
     259   6.466673749783e-05
     260   6.464736000422e-05
     261   6.461916235034e-05
     262   6.460369025485e-05
     263   6.459463945985e-05
     264   6.458882371252e-05
     265   6.458182158187e-05
     266   6.457965402118e-05
     267   6.457810998228e-05
     268   6.457766828261e-05
