# iteration    cost = 1 - F_e
# Nlayers = 4, r_target = 0.2, cutoffA = 10, cutoffB = 2
       0   4.338323515661e-01
       1   1.853499287167e-01
       2   1.750989943254e-01
       3   1.735088986320e-01
       4   1.709508259485e-01
       5   1.692670810944e-01
       6   1.691279077507e-01
       7   1.689045941082e-01
       8   1.686726102744e-01
       9   1.685946597893e-01
      10   1.685530729929e-01
      11   1.685385401180e-01
      12   1.685190725672e-01
      13   1.685024023956e-01
      14   1.684936436699e-01
      15   1.684917418156e-01
      16   1.684910640685e-01
      17   1.684898768128e-01
      18   1.684878158772e-01
      19   1.684845256407e-01
      20   1.684811506147e-01
      21   1.684797841046e-01
      22   1.684781859503e-01
      23   1.684770359657e-01
      24   1.684753852276e-01
      25   1.684736918063e-01
      26   1.684726013248e-01
      27   1.684722503379e-01
      28   1.684721237698e-01
      29   1.684719608424e-01
      30   1.684717087008e-01
      31   1.684714072059e-01
      32   1.684712095216e-01
      33   1.684710503463e-01
      34   1.684708497532e-01
      35   1.684705180957e-01
      36   1.684699827561e-01
      37   1.684693012388e-01
      38   1.684690568886e-01
      39   1.684689383566e-01
      40   1.684688602053e-01
      41   1.684687329233e-01
      42   1.684685031214e-01
      43   1.684280909380e-01
      44   1.684275315437e-01
      45   1.683605664435e-01
      46   1.682687261565e-01
      47   1.681642942985e-01
      48   1.679725460355e-01
      49   1.676386384553e-01
      50   1.670217766238e-01
      51   1.663431348910e-01
      52   1.661507238533e-01
      53   1.647270833972e-01
      54   1.635296399779e-01
      55   1.616399439493e-01
      56   1.585378403777e-01
      57   1.554936669757e-01
      58   1.535808347019e-01
      59   1.513363771511e-01
      60   1.485087866895e-01
      61   1.437183031284e-01
      62   1.364781185175e-01
      63   1.339884159370e-01
      64   1.303614522203e-01
      65   1.287039127975e-01
      66   1.272476231129e-01
      67   1.266734682061e-01
      68   1.261436265984e-01
      69   1.259395058448e-01
      70   1.256101347804e-01
      71   1.251298086520e-01
      72   1.245043442327e-01
      73   1.240943710803e-01
      74   1.236959438517e-01
      75   1.234823893459e-01
      76   1.233823014160e-01
      77   1.233405035039e-01
      78   1.233129253049e-01
      79   1.233034997447e-01
      80   1.232985683190e-01
      81   1.232969264458e-01
      82   1.232955564825e-01
      83   1.232950109051e-01
      84   1.232947820912e-01
      85   1.232945641355e-01
      86   1.232941789716e-01
      87   1.232934542464e-01
      88   1.232867421615e-01
      89   1.232490096788e-01
      90   1.232440464783e-01
      91   1.232070303402e-01
      92   1.231816458928e-01
      93   1.231331860579e-01
      94   1.230436369016e-01
      95   1.228918572944e-01
      96   1.226395483992e-01
      97   1.222031092862e-01
      98   1.215275130939e-01
      99   1.203733548054e-01
     100   1.182143677037e-01
     101   1.142852014373e-01
     102   1.098563323005e-01
     103   1.068276138109e-01
     104   1.032415410911e-01
     105   9.784134648869e-02
     106   9.488211073490e-02
     107   9.306500475073e-02
     108   9.174731246213e-02
     109   9.030482425443e-02
     110   8.949830322687e-02
     111   8.853637295766e-02
     112   8.772388302138e-02
     113   8.733337170748e-02
     114   8.695645452895e-02
     115   8.662985335684e-02
     116   8.625061500929e-02
     117   8.596937232407e-02
     118   8.568774832786e-02
     119   8.560418702685e-02
     120   8.548220044757e-02
     121   8.541667249145e-02
     122   8.535926193280e-02
     123   8.532010216374e-02
     124   8.529489841589e-02
     125   8.528160165599e-02
     126   8.527393582627e-02
     127   8.526699563569e-02
     128   8.526097913967e-02
     129   8.525755160020e-02
     130   8.525558296919e-02
     131   8.525504748652e-02
     132   8.525482202420e-02
     133   8.525476087243e-02
     134   8.525474422581e-02
     135   8.525473860180e-02
     136   8.525473720371e-02
     137   8.525473667668e-02
     138   8.525473651972e-02
