# nlayer   iteration    cost = 1 - F_e
# r_target = 0.2, cutoffA = 10, cutoffB = 2
     1          0   5.350599263106e-01
     1          1   2.000055191864e-01
     1          2   1.798430654509e-01
     1          3   1.691560958944e-01
     1          4   1.686695347014e-01
     1          5   1.685079065190e-01
     1          6   1.684728549743e-01
     1          7   1.684710416505e-01
     1          8   1.684710411626e-01

     2          0   7.608110860130e-01
     2          1   2.057596030777e-01
     2          2   1.802341580868e-01
     2          3   1.713867874086e-01
     2          4   1.701056575324e-01
     2          5   1.691613253136e-01
     2          6   1.685078898441e-01
     2          7   1.684718442793e-01
     2          8   1.684710445568e-01
     2          9   1.684710411600e-01

     3          0   8.991653392559e-01
     3          1   2.060058720078e-01
     3          2   1.791404922031e-01
     3          3   1.737273336084e-01
     3          4   1.729893055607e-01
     3          5   1.717480668156e-01
     3          6   1.699274321898e-01
     3          7   1.689688435767e-01
     3          8   1.687544482777e-01
     3          9   1.686945735304e-01
     3         10   1.686520608627e-01
     3         11   1.685883880840e-01
     3         12   1.685272056926e-01
     3         13   1.684926696975e-01
     3         14   1.684818560603e-01
     3         15   1.684784820432e-01
     3         16   1.684762975714e-01
     3         17   1.684737905122e-01
     3         18   1.684719622845e-01
     3         19   1.684713628017e-01
     3         20   1.684712667285e-01
     3         21   1.684712264815e-01
     3         22   1.684711631989e-01
     3         23   1.684710860218e-01
     3         24   1.684710513849e-01
     3         25   1.684710420107e-01
     3         26   1.684710412271e-01

     4          0   4.338323515661e-01
     4          1   1.853499287167e-01
     4          2   1.750989943254e-01
     4          3   1.735088986320e-01
     4          4   1.709508259485e-01
     4          5   1.692670810944e-01
     4          6   1.691279077507e-01
     4          7   1.689045941082e-01
     4          8   1.686726102744e-01
     4          9   1.685946597893e-01
     4         10   1.685530729929e-01
     4         11   1.685385401180e-01
     4         12   1.685190725672e-01
     4         13   1.685024023956e-01
     4         14   1.684936436699e-01
     4         15   1.684917418156e-01
     4         16   1.684910640685e-01
     4         17   1.684898768128e-01
     4         18   1.684878158772e-01
     4         19   1.684845256407e-01
     4         20   1.684811506147e-01
     4         21   1.684797841046e-01
     4         22   1.684781859503e-01
     4         23   1.684770359657e-01
     4         24   1.684753852276e-01
     4         25   1.684736918063e-01
     4         26   1.684726013248e-01
     4         27   1.684722503379e-01
     4         28   1.684721237698e-01
     4         29   1.684719608424e-01
     4         30   1.684717087008e-01
     4         31   1.684714072059e-01
     4         32   1.684712095216e-01
     4         33   1.684710503463e-01
     4         34   1.684708497532e-01
     4         35   1.684705180957e-01
     4         36   1.684699827561e-01
     4         37   1.684693012388e-01
     4         38   1.684690568886e-01
     4         39   1.684689383566e-01
     4         40   1.684688602053e-01
     4         41   1.684687329233e-01
     4         42   1.684685031214e-01
     4         43   1.684280909380e-01
     4         44   1.684275315437e-01
     4         45   1.683605664435e-01
     4         46   1.682687261565e-01
     4         47   1.681642942985e-01
     4         48   1.679725460355e-01
     4         49   1.676386384553e-01
     4         50   1.670217766238e-01
     4         51   1.663431348910e-01
     4         52   1.661507238533e-01
     4         53   1.647270833972e-01
     4         54   1.635296399779e-01
     4         55   1.616399439493e-01
     4         56   1.585378403777e-01
     4         57   1.554936669757e-01
     4         58   1.535808347019e-01
     4         59   1.513363771511e-01
     4         60   1.485087866895e-01
     4         61   1.437183031284e-01
     4         62   1.364781185175e-01
     4         63   1.339884159370e-01
     4         64   1.303614522203e-01
     4         65   1.287039127975e-01
     4         66   1.272476231129e-01
     4         67   1.266734682061e-01
     4         68   1.261436265984e-01
     4         69   1.259395058448e-01
     4         70   1.256101347804e-01
     4         71   1.251298086520e-01
     4         72   1.245043442327e-01
     4         73   1.240943710803e-01
     4         74   1.236959438517e-01
     4         75   1.234823893459e-01
     4         76   1.233823014160e-01
     4         77   1.233405035039e-01
     4         78   1.233129253049e-01
     4         79   1.233034997447e-01
     4         80   1.232985683190e-01
     4         81   1.232969264458e-01
     4         82   1.232955564825e-01
     4         83   1.232950109051e-01
     4         84   1.232947820912e-01
     4         85   1.232945641355e-01
     4         86   1.232941789716e-01
     4         87   1.232934542464e-01
     4         88   1.232867421615e-01
     4         89   1.232490096788e-01
     4         90   1.232440464783e-01
     4         91   1.232070303402e-01
     4         92   1.231816458928e-01
     4         93   1.231331860579e-01
     4         94   1.230436369016e-01
     4         95   1.228918572944e-01
     4         96   1.226395483992e-01
     4         97   1.222031092862e-01
     4         98   1.215275130939e-01
     4         99   1.203733548054e-01
     4        100   1.182143677037e-01
     4        101   1.142852014373e-01
     4        102   1.098563323005e-01
     4        103   1.068276138109e-01
     4        104   1.032415410911e-01
     4        105   9.784134648869e-02
     4        106   9.488211073490e-02
     4        107   9.306500475073e-02
     4        108   9.174731246213e-02
     4        109   9.030482425443e-02
     4        110   8.949830322687e-02
     4        111   8.853637295766e-02
     4        112   8.772388302138e-02
     4        113   8.733337170748e-02
     4        114   8.695645452895e-02
     4        115   8.662985335684e-02
     4        116   8.625061500929e-02
     4        117   8.596937232407e-02
     4        118   8.568774832786e-02
     4        119   8.560418702685e-02
     4        120   8.548220044757e-02
     4        121   8.541667249145e-02
     4        122   8.535926193280e-02
     4        123   8.532010216374e-02
     4        124   8.529489841589e-02
     4        125   8.528160165599e-02
     4        126   8.527393582627e-02
     4        127   8.526699563569e-02
     4        128   8.526097913967e-02
     4        129   8.525755160020e-02
     4        130   8.525558296919e-02
     4        131   8.525504748652e-02
     4        132   8.525482202420e-02
     4        133   8.525476087243e-02
     4        134   8.525474422581e-02
     4        135   8.525473860180e-02
     4        136   8.525473720371e-02
     4        137   8.525473667668e-02
     4        138   8.525473651972e-02

     5          0   4.248972816257e-01
     5          1   1.318701668023e-01
     5          2   1.211804298739e-01
     5          3   1.036051785598e-01
     5          4   9.670358995007e-02
     5          5   9.073029523608e-02
     5          6   8.712993113507e-02
     5          7   8.605591862343e-02
     5          8   8.570024819218e-02
     5          9   8.565063538445e-02
     5         10   8.556416254035e-02
     5         11   8.542957286562e-02
     5         12   8.532124808696e-02
     5         13   8.523870841338e-02
     5         14   8.519900563936e-02
     5         15   8.515121294073e-02
     5         16   8.509522569569e-02
     5         17   8.499488921997e-02
     5         18   8.395394268822e-02
     5         19   8.371717250215e-02
     5         20   8.334706957303e-02
     5         21   8.267816633568e-02
     5         22   8.148417769647e-02
     5         23   7.950974873348e-02
     5         24   7.626903936459e-02
     5         25   7.073454650932e-02
     5         26   6.165922719267e-02
     5         27   5.546519433347e-02
     5         28   4.697065127467e-02
     5         29   3.940096825878e-02
     5         30   3.477600068758e-02
     5         31   2.832343689314e-02
     5         32   2.060566181141e-02
     5         33   1.502529959306e-02
     5         34   1.128971370457e-02
     5         35   9.526035859973e-03
     5         36   8.621542614296e-03
     5         37   8.050994218127e-03
     5         38   7.690630225102e-03
     5         39   7.405162840504e-03
     5         40   6.941748152271e-03
     5         41   6.247224131480e-03
     5         42   5.603419221054e-03
     5         43   5.371343707578e-03
     5         44   5.230471012258e-03
     5         45   5.125906825815e-03
     5         46   5.035953669242e-03
     5         47   4.982944166749e-03
     5         48   4.945938568008e-03
     5         49   4.908662379485e-03
     5         50   4.862909730666e-03
     5         51   4.793844911805e-03
     5         52   4.689633662113e-03
     5         53   4.562575516304e-03
     5         54   4.453910434005e-03
     5         55   4.409499625817e-03
     5         56   4.397201060592e-03
     5         57   4.393706652380e-03
     5         58   4.392380443891e-03
     5         59   4.391661228375e-03
     5         60   4.391102005961e-03
     5         61   4.390724550903e-03
     5         62   4.390228902774e-03
     5         63   4.389389283839e-03
     5         64   4.387926095373e-03
     5         65   4.385425744427e-03
     5         66   4.381551001251e-03
     5         67   4.377652950240e-03
     5         68   4.375350493570e-03
     5         69   4.374427824304e-03
     5         70   4.374336716092e-03
     5         71   4.374262179706e-03
     5         72   4.374174999357e-03
     5         73   4.374027014741e-03
     5         74   4.373773383106e-03
     5         75   4.373348974220e-03
     5         76   4.372691953094e-03
     5         77   4.371963490710e-03
     5         78   4.371478202890e-03
     5         79   4.371255432189e-03
     5         80   4.371232010358e-03
     5         81   4.371230608749e-03

     6          0   2.792135007518e-01
     6          1   4.785654701596e-02
     6          2   1.858945640770e-02
     6          3   5.882152231037e-03
     6          4   5.050467176146e-03
     6          5   4.852185224545e-03
     6          6   4.629561038254e-03
     6          7   4.567969092649e-03
     6          8   4.473587913843e-03
     6          9   4.375111636635e-03
     6         10   4.273888814774e-03
     6         11   4.208332809777e-03
     6         12   4.160219111247e-03
     6         13   4.150154850768e-03
     6         14   4.140971837460e-03
     6         15   4.138572643351e-03
     6         16   4.117927378476e-03
     6         17   4.088990954824e-03
     6         18   4.081021219587e-03
     6         19   4.074884029172e-03
     6         20   4.064662196847e-03
     6         21   4.047277801985e-03
     6         22   4.019395619127e-03
     6         23   3.987548927773e-03
     6         24   3.936351717007e-03
     6         25   3.842281974740e-03
     6         26   3.677385063449e-03
     6         27   3.452054131706e-03
     6         28   3.107877343609e-03
     6         29   2.561884789918e-03
     6         30   2.048248851890e-03
     6         31   1.716517125705e-03
     6         32   1.410300583737e-03
     6         33   1.273268715477e-03
     6         34   1.214990211458e-03
     6         35   1.168338353637e-03
     6         36   1.124203752357e-03
     6         37   1.069208105611e-03
     6         38   1.023388561626e-03
     6         39   9.662746837636e-04
     6         40   9.347044750027e-04
     6         41   9.110935925787e-04
     6         42   8.797376039825e-04
     6         43   8.277435500530e-04
     6         44   7.459266363600e-04
     6         45   6.729756815753e-04
     6         46   6.488810797299e-04
     6         47   6.297639020250e-04
     6         48   6.175040861095e-04
     6         49   5.984207492689e-04
     6         50   5.809535217566e-04
     6         51   5.730967642432e-04
     6         52   5.618204241965e-04
     6         53   5.420426307182e-04
     6         54   5.083516839455e-04
     6         55   4.555901681436e-04
     6         56   3.879582699671e-04
     6         57   3.599386622460e-04
     6         58   3.183567911108e-04
     6         59   3.087377566642e-04
     6         60   2.930602485016e-04
     6         61   2.726900296178e-04
     6         62   2.632947694176e-04
     6         63   2.552565548136e-04
     6         64   2.476988004374e-04
     6         65   2.374175117938e-04
     6         66   2.239826679946e-04
     6         67   2.039656921675e-04
     6         68   1.769622461171e-04
     6         69   1.530016561115e-04
     6         70   1.375239630822e-04
     6         71   1.224178852385e-04
     6         72   1.097354753946e-04
     6         73   9.262122978304e-05
     6         74   7.846362244424e-05
     6         75   7.132967127332e-05
     6         76   6.329985556019e-05
     6         77   6.031079671953e-05
     6         78   5.667438359025e-05
     6         79   5.593664901515e-05
     6         80   5.464976110037e-05
     6         81   5.264535356742e-05
     6         82   5.066665619835e-05
     6         83   4.949394172560e-05
     6         84   4.790570667257e-05
     6         85   4.711210236341e-05
     6         86   4.663217702305e-05
     6         87   4.608435670062e-05
     6         88   4.530389796509e-05
     6         89   4.454384764785e-05
     6         90   4.379434628887e-05
     6         91   4.346711306591e-05
     6         92   4.335701890412e-05
     6         93   4.329238588185e-05
     6         94   4.318845506179e-05
     6         95   4.302712610493e-05
     6         96   4.281637123926e-05
     6         97   4.261800122374e-05
     6         98   4.244638222428e-05
     6         99   4.233500613327e-05
     6        100   4.223150500593e-05
     6        101   4.214741695630e-05
     6        102   4.209206797223e-05
     6        103   4.206106462401e-05
     6        104   4.204348790926e-05
     6        105   4.203244962753e-05
     6        106   4.201850120378e-05
     6        107   4.200083045669e-05
     6        108   4.197998524713e-05
     6        109   4.196191209349e-05
     6        110   4.194197081431e-05
     6        111   4.190902099876e-05
     6        112   4.185116795608e-05
     6        113   4.174668677392e-05
     6        114   4.155756805124e-05
     6        115   4.122179597787e-05
     6        116   4.065887147364e-05
     6        117   3.989612150901e-05
     6        118   3.951826143322e-05
     6        119   3.943698175135e-05
     6        120   3.931969322779e-05
     6        121   3.926153044576e-05
     6        122   3.925250584647e-05
     6        123   3.925047894338e-05
     6        124   3.925008939465e-05

