# iteration    cost = 1 - F_e
# Nlayers = 3, r_target = 0.2, cutoffA = 10, cutoffB = 2
       0   8.991653392559e-01
       1   2.060058720078e-01
       2   1.791404922031e-01
       3   1.737273336084e-01
       4   1.729893055607e-01
       5   1.717480668156e-01
       6   1.699274321898e-01
       7   1.689688435767e-01
       8   1.687544482777e-01
       9   1.686945735304e-01
      10   1.686520608627e-01
      11   1.685883880840e-01
      12   1.685272056926e-01
      13   1.684926696975e-01
      14   1.684818560603e-01
      15   1.684784820432e-01
      16   1.684762975714e-01
      17   1.684737905122e-01
      18   1.684719622845e-01
      19   1.684713628017e-01
      20   1.684712667285e-01
      21   1.684712264815e-01
      22   1.684711631989e-01
      23   1.684710860218e-01
      24   1.684710513849e-01
      25   1.684710420107e-01
      26   1.684710412271e-01
