# iteration    cost = 1 - F_e
# Nlayers = 6, r_target = 0.2, cutoffA = 10, cutoffB = 2
       0   2.792135007518e-01
       1   4.785654701596e-02
       2   1.858945640770e-02
       3   5.882152231037e-03
       4   5.050467176146e-03
       5   4.852185224545e-03
       6   4.629561038254e-03
       7   4.567969092649e-03
       8   4.473587913843e-03
       9   4.375111636635e-03
      10   4.273888814774e-03
      11   4.208332809777e-03
      12   4.160219111247e-03
      13   4.150154850768e-03
      14   4.140971837460e-03
      15   4.138572643351e-03
      16   4.117927378476e-03
      17   4.088990954824e-03
      18   4.081021219587e-03
      19   4.074884029172e-03
      20   4.064662196847e-03
      21   4.047277801985e-03
      22   4.019395619127e-03
      23   3.987548927773e-03
      24   3.936351717007e-03
      25   3.842281974740e-03
      26   3.677385063449e-03
      27   3.452054131706e-03
      28   3.107877343609e-03
      29   2.561884789918e-03
      30   2.048248851890e-03
      31   1.716517125705e-03
      32   1.410300583737e-03
      33   1.273268715477e-03
      34   1.214990211458e-03
      35   1.168338353637e-03
      36   1.124203752357e-03
      37   1.069208105611e-03
      38   1.023388561626e-03
      39   9.662746837636e-04
      40   9.347044750027e-04
      41   9.110935925787e-04
      42   8.797376039825e-04
      43   8.277435500530e-04
      44   7.459266363600e-04
      45   6.729756815753e-04
      46   6.488810797299e-04
      47   6.297639020250e-04
      48   6.175040861095e-04
      49   5.984207492689e-04
      50   5.809535217566e-04
      51   5.730967642432e-04
      52   5.618204241965e-04
      53   5.420426307182e-04
      54   5.083516839455e-04
      55   4.555901681436e-04
      56   3.879582699671e-04
      57   3.599386622460e-04
      58   3.183567911108e-04
      59   3.087377566642e-04
      60   2.930602485016e-04
      61   2.726900296178e-04
      62   2.632947694176e-04
      63   2.552565548136e-04
      64   2.476988004374e-04
      65   2.374175117938e-04
      66   2.239826679946e-04
      67   2.039656921675e-04
      68   1.769622461171e-04
      69   1.530016561115e-04
      70   1.375239630822e-04
      71   1.224178852385e-04
      72   1.097354753946e-04
      73   9.262122978304e-05
      74   7.846362244424e-05
      75   7.132967127332e-05
      76   6.329985556019e-05
      77   6.031079671953e-05
      78   5.667438359025e-05
      79   5.593664901515e-05
      80   5.464976110037e-05
      81   5.264535356742e-05
      82   5.066665619835e-05
      83   4.949394172560e-05
      84   4.790570667257e-05
      85   4.711210236341e-05
      86   4.663217702305e-05
      87   4.608435670062e-05
      88   4.530389796509e-05
      89   4.454384764785e-05
      90   4.379434628887e-05
      91   4.346711306591e-05
      92   4.335701890412e-05
      93   4.329238588185e-05
      94   4.318845506179e-05
      95   4.302712610493e-05
      96   4.281637123926e-05
      97   4.261800122374e-05
      98   4.244638222428e-05
      99   4.233500613327e-05
     100   4.223150500593e-05
     101   4.214741695630e-05
     102   4.209206797223e-05
     103   4.206106462401e-05
     104   4.204348790926e-05
     105   4.203244962753e-05
     106   4.201850120378e-05
     107   4.200083045669e-05
     108   4.197998524713e-05
     109   4.196191209349e-05
     110   4.194197081431e-05
     111   4.190902099876e-05
     112   4.185116795608e-05
     113   4.174668677392e-05
     114   4.155756805124e-05
     115   4.122179597787e-05
     116   4.065887147364e-05
     117   3.989612150901e-05
     118   3.951826143322e-05
     119   3.943698175135e-05
     120   3.931969322779e-05
     121   3.926153044576e-05
     122   3.925250584647e-05
     123   3.925047894338e-05
     124   3.925008939465e-05
