# iteration    cost = 1 - F_e
# Nlayers = 5, r_target = 0.2, cutoffA = 10, cutoffB = 2
       0   4.248972816257e-01
       1   1.318701668023e-01
       2   1.211804298739e-01
       3   1.036051785598e-01
       4   9.670358995007e-02
       5   9.073029523608e-02
       6   8.712993113507e-02
       7   8.605591862343e-02
       8   8.570024819218e-02
       9   8.565063538445e-02
      10   8.556416254035e-02
      11   8.542957286562e-02
      12   8.532124808696e-02
      13   8.523870841338e-02
      14   8.519900563936e-02
      15   8.515121294073e-02
      16   8.509522569569e-02
      17   8.499488921997e-02
      18   8.395394268822e-02
      19   8.371717250215e-02
      20   8.334706957303e-02
      21   8.267816633568e-02
      22   8.148417769647e-02
      23   7.950974873348e-02
      24   7.626903936459e-02
      25   7.073454650932e-02
      26   6.165922719267e-02
      27   5.546519433347e-02
      28   4.697065127467e-02
      29   3.940096825878e-02
      30   3.477600068758e-02
      31   2.832343689314e-02
      32   2.060566181141e-02
      33   1.502529959306e-02
      34   1.128971370457e-02
      35   9.526035859973e-03
      36   8.621542614296e-03
      37   8.050994218127e-03
      38   7.690630225102e-03
      39   7.405162840504e-03
      40   6.941748152271e-03
      41   6.247224131480e-03
      42   5.603419221054e-03
      43   5.371343707578e-03
      44   5.230471012258e-03
      45   5.125906825815e-03
      46   5.035953669242e-03
      47   4.982944166749e-03
      48   4.945938568008e-03
      49   4.908662379485e-03
      50   4.862909730666e-03
      51   4.793844911805e-03
      52   4.689633662113e-03
      53   4.562575516304e-03
      54   4.453910434005e-03
      55   4.409499625817e-03
      56   4.397201060592e-03
      57   4.393706652380e-03
      58   4.392380443891e-03
      59   4.391661228375e-03
      60   4.391102005961e-03
      61   4.390724550903e-03
      62   4.390228902774e-03
      63   4.389389283839e-03
      64   4.387926095373e-03
      65   4.385425744427e-03
      66   4.381551001251e-03
      67   4.377652950240e-03
      68   4.375350493570e-03
      69   4.374427824304e-03
      70   4.374336716092e-03
      71   4.374262179706e-03
      72   4.374174999357e-03
      73   4.374027014741e-03
      74   4.373773383106e-03
      75   4.373348974220e-03
      76   4.372691953094e-03
      77   4.371963490710e-03
      78   4.371478202890e-03
      79   4.371255432189e-03
      80   4.371232010358e-03
      81   4.371230608749e-03
