# iteration    cost = 1 - F_e
# Nlayers = 5, r_target = 0.1, cutoffA = 10, cutoffB = 2
       0   4.028126153439e-01
       1   1.093204382187e-01
       2   8.888517895309e-02
       3   8.026611667174e-02
       4   6.524038808918e-02
       5   4.751421842089e-02
       6   4.606851064091e-02
       7   4.541435207469e-02
       8   4.486496508455e-02
       9   4.475467785181e-02
      10   4.463911902442e-02
      11   4.445937433724e-02
      12   4.431741714296e-02
      13   4.429000942849e-02
      14   4.427951969222e-02
      15   4.426746130412e-02
      16   4.425174234604e-02
      17   4.424264692496e-02
      18   4.423995030636e-02
      19   4.423869271531e-02
      20   4.423698990395e-02
      21   4.423408860296e-02
      22   4.422895201560e-02
      23   4.421986561329e-02
      24   4.420506254719e-02
      25   4.418962315105e-02
      26   4.416971767359e-02
      27   4.413562439358e-02
      28   4.408420400845e-02
      29   4.403991643534e-02
      30   4.400253372954e-02
      31   4.398071345556e-02
      32   4.394151271632e-02
      33   4.386777554640e-02
      34   4.355285262801e-02
      35   4.335964905522e-02
      36   4.311132629349e-02
      37   4.272247059692e-02
      38   4.223449802565e-02
      39   4.173340907259e-02
      40   4.128739410473e-02
      41   4.082942971631e-02
      42   4.013424895079e-02
      43   3.890465400393e-02
      44   3.769353451620e-02
      45   3.698699773143e-02
      46   3.588467670354e-02
      47   3.443691880968e-02
      48   3.392073091719e-02
      49   3.354540301098e-02
      50   3.303380767233e-02
      51   3.270570628138e-02
      52   3.256526674052e-02
      53   3.245656727236e-02
      54   3.230134706243e-02
      55   3.219171645903e-02
      56   3.212198879976e-02
      57   3.205714529216e-02
      58   3.199703330131e-02
      59   3.179135155420e-02
      60   3.169348294412e-02
      61   3.151037558304e-02
      62   3.116188405252e-02
      63   3.052346991552e-02
      64   2.950091077974e-02
      65   2.890169972357e-02
      66   2.809621989374e-02
      67   2.733023954252e-02
      68   2.628899321520e-02
      69   2.525058216646e-02
      70   2.465215869082e-02
      71   2.387565323019e-02
      72   2.342727149090e-02
      73   2.321471162659e-02
      74   2.300132577635e-02
      75   2.295959508001e-02
      76   2.289110103840e-02
      77   2.280637847041e-02
      78   2.279686672910e-02
      79   2.277872391828e-02
      80   2.274472567997e-02
      81   2.268454293146e-02
      82   2.259623353632e-02
      83   2.252995944880e-02
      84   2.249011381331e-02
      85   2.242629937487e-02
      86   2.234443741738e-02
      87   2.231310088882e-02
      88   2.229853767032e-02
      89   2.228400244123e-02
      90   2.227258252259e-02
      91   2.226229521762e-02
      92   2.224977583461e-02
      93   2.223712617395e-02
      94   2.222988652548e-02
      95   2.222659397081e-02
      96   2.222166443396e-02
      97   2.221750747435e-02
      98   2.221357463818e-02
      99   2.220948037343e-02
     100   2.220418511737e-02
     101   2.220177287601e-02
     102   2.220039354220e-02
     103   2.219878620308e-02
     104   2.219818143690e-02
     105   2.219776197563e-02
     106   2.219758993591e-02
     107   2.219754345704e-02
     108   2.219753269669e-02
     109   2.219752047825e-02
     110   2.219750560431e-02
     111   2.219747979491e-02
     112   2.219743443295e-02
     113   2.219735714415e-02
     114   2.219723984296e-02
     115   2.219714276442e-02
     116   2.219709735608e-02
     117   2.219707651558e-02
     118   2.219707124917e-02
     119   2.219706532001e-02
     120   2.219705581367e-02
     121   2.219704035473e-02
     122   2.219701539433e-02
     123   2.219697590711e-02
     124   2.219691564982e-02
     125   2.219683442777e-02
     126   2.219672513781e-02
     127   2.219660799952e-02
     128   2.219648561750e-02
     129   2.219637255064e-02
     130   2.219628377308e-02
     131   2.219622736785e-02
     132   2.219620572072e-02
     133   2.219620188141e-02
     134   2.219620096578e-02
     135   2.219620079148e-02
