# iteration    cost = 1 - F_e
# Nlayers = 7, r_target = 0.1, cutoffA = 10, cutoffB = 2
       0   1.342308528387e-01
       1   4.837699663809e-02
       2   1.620520005465e-02
       3   3.653732462490e-03
       4   1.900850397431e-03
       5   1.432636601336e-03
       6   1.198262871423e-03
       7   9.725056616490e-04
       8   8.195137695302e-04
       9   6.941327588527e-04
      10   6.303863687225e-04
      11   5.812495300467e-04
      12   5.717254629574e-04
      13   5.572561479493e-04
      14   5.331845284152e-04
      15   4.970780723212e-04
      16   4.461538642804e-04
      17   4.137539625595e-04
      18   4.035422051553e-04
      19   3.877178190484e-04
      20   3.656430574381e-04
      21   3.549996268370e-04
      22   3.400526949509e-04
      23   3.307950022389e-04
      24   3.266584440698e-04
      25   3.216527699169e-04
      26   3.135292178222e-04
      27   3.014816823673e-04
      28   2.935559795888e-04
      29   2.918340547771e-04
      30   2.912674491151e-04
      31   2.907123018494e-04
      32   2.903523622885e-04
      33   2.901138060125e-04
      34   2.899569215300e-04
      35   2.898331166989e-04
      36   2.897026537011e-04
      37   2.896332390541e-04
      38   2.896103419405e-04
      39   2.895820761885e-04
      40   2.895359094353e-04
      41   2.894628720432e-04
      42   2.893720132774e-04
      43   2.893155468355e-04
      44   2.892587679193e-04
      45   2.891987651867e-04
      46   2.891081659538e-04
      47   2.890159818701e-04
      48   2.889665084045e-04
      49   2.889444514911e-04
      50   2.889225487405e-04
      51   2.888841308970e-04
      52   2.888144494630e-04
      53   2.886877284777e-04
      54   2.884629793559e-04
      55   2.880912748300e-04
      56   2.875987403433e-04
      57   2.873048628601e-04
      58   2.870542209146e-04
      59   2.869985327161e-04
      60   2.869801675470e-04
      61   2.869596588840e-04
      62   2.869248769667e-04
      63   2.868615505360e-04
      64   2.867432148789e-04
      65   2.865216534027e-04
      66   2.861135610128e-04
      67   2.854461391937e-04
      68   2.850747006992e-04
      69   2.845963309812e-04
      70   2.842346921724e-04
      71   2.841397774023e-04
      72   2.841125443538e-04
      73   2.840961369034e-04
      74   2.840704105970e-04
      75   2.840450755507e-04
      76   2.840300471284e-04
      77   2.840141973703e-04
      78   2.840048636022e-04
      79   2.839938651960e-04
      80   2.839747535923e-04
      81   2.839405183809e-04
      82   2.838780465118e-04
      83   2.837631258464e-04
      84   2.835511608129e-04
      85   2.831624191054e-04
      86   2.824758508675e-04
      87   2.815123103014e-04
      88   2.810507479535e-04
      89   2.802383576105e-04
      90   2.787386184047e-04
      91   2.760199471158e-04
      92   2.716527860889e-04
      93   2.695058616053e-04
      94   2.663918996157e-04
      95   2.646445974156e-04
      96   2.616495090797e-04
      97   2.574402600548e-04
      98   2.535300605143e-04
      99   2.498835088318e-04
     100   2.475979124726e-04
     101   2.442444494755e-04
     102   2.418727895855e-04
     103   2.386979386242e-04
     104   2.363023844317e-04
     105   2.348443607511e-04
     106   2.331734051241e-04
     107   2.301755254243e-04
     108   2.251763897715e-04
     109   2.189183250558e-04
     110   2.178431195106e-04
     111   2.158725985546e-04
     112   2.124181444598e-04
     113   2.074780719069e-04
     114   2.067416015242e-04
     115   2.053704335901e-04
     116   2.029370402471e-04
     117   1.991994031897e-04
     118   1.969989458823e-04
     119   1.946459179966e-04
     120   1.907238339753e-04
     121   1.871950397512e-04
     122   1.825723886132e-04
     123   1.770751901951e-04
     124   1.742105331103e-04
     125   1.699178573137e-04
     126   1.648171843601e-04
     127   1.634998753103e-04
     128   1.611941199261e-04
     129   1.572324414491e-04
     130   1.514677753832e-04
     131   1.496310785376e-04
     132   1.468019623418e-04
     133   1.444041260344e-04
     134   1.410073244485e-04
     135   1.390140517731e-04
     136   1.359347286329e-04
     137   1.325069099394e-04
     138   1.281496861131e-04
     139   1.263727121159e-04
     140   1.232379874199e-04
     141   1.178561556031e-04
     142   1.095309594539e-04
     143   1.034808466400e-04
     144   9.829225298374e-05
     145   9.464280121874e-05
     146   9.271100521235e-05
     147   8.995148303459e-05
     148   8.601256402041e-05
     149   8.232908374173e-05
     150   7.955148294225e-05
     151   7.833434529037e-05
     152   7.621033955152e-05
     153   7.289539738753e-05
     154   7.010321379497e-05
     155   6.897062365130e-05
     156   6.762014488682e-05
     157   6.608962837962e-05
     158   6.468149462535e-05
     159   6.229887430154e-05
     160   5.864743817507e-05
     161   5.595946089332e-05
     162   5.540779978586e-05
     163   5.447902717903e-05
     164   5.289397277564e-05
     165   5.060246022848e-05
     166   4.941977609019e-05
     167   4.888779252388e-05
     168   4.829788271876e-05
     169   4.784984318429e-05
     170   4.726192289584e-05
     171   4.641112746906e-05
     172   4.531046403611e-05
     173   4.360070829856e-05
     174   4.093128089722e-05
     175   3.739123267710e-05
     176   3.522575181425e-05
     177   3.428581719134e-05
     178   3.379583728302e-05
     179   3.341164297976e-05
     180   3.316736349757e-05
     181   3.300326395062e-05
     182   3.281607241268e-05
     183   3.266368164245e-05
     184   3.245261967977e-05
     185   3.211721092977e-05
     186   3.156974548513e-05
     187   3.068617387103e-05
     188   2.936567371081e-05
     189   2.803834764420e-05
     190   2.709243328725e-05
     191   2.646701903031e-05
     192   2.555215938538e-05
     193   2.399573566858e-05
     194   2.128615666763e-05
     195   1.702325155695e-05
     196   1.322746348109e-05
     197   1.182572314296e-05
     198   1.126080370595e-05
     199   1.104068449709e-05
     200   1.075378946114e-05
     201   1.065319026139e-05
     202   1.058734106962e-05
     203   1.055764029867e-05
     204   1.053704489895e-05
     205   1.052215625341e-05
     206   1.050725519136e-05
     207   1.049118475360e-05
     208   1.047907657981e-05
     209   1.046242500369e-05
     210   1.043830312053e-05
     211   1.040239110661e-05
     212   1.036006940158e-05
     213   1.028902915268e-05
     214   1.016503871598e-05
     215   9.948813439298e-06
     216   9.581979476536e-06
     217   9.029024775176e-06
     218   8.547881376164e-06
     219   8.300862060606e-06
     220   7.893057533348e-06
     221   7.274353209574e-06
     222   6.835735147037e-06
     223   6.619549601683e-06
     224   6.374910362261e-06
     225   6.119401998350e-06
     226   5.920949066818e-06
     227   5.847723957730e-06
     228   5.792152719009e-06
     229   5.729375715524e-06
     230   5.676860467041e-06
     231   5.624672349880e-06
     232   5.542406727566e-06
     233   5.429824122882e-06
     234   5.315671624539e-06
     235   5.142755211796e-06
     236   4.878923502982e-06
     237   4.597511610638e-06
     238   4.399875716654e-06
     239   4.113463888067e-06
     240   3.860131679079e-06
     241   3.517709181389e-06
     242   3.356201253246e-06
     243   3.201719907420e-06
     244   3.092020160689e-06
     245   2.967220767647e-06
     246   2.834734858403e-06
     247   2.795263901567e-06
     248   2.742908719378e-06
     249   2.703693826933e-06
     250   2.701135108363e-06
     251   2.696283766590e-06
     252   2.687373121812e-06
     253   2.672226082412e-06
     254   2.652059262087e-06
     255   2.640668988807e-06
     256   2.623452297734e-06
     257   2.599057377539e-06
     258   2.581062551910e-06
     259   2.562641115422e-06
     260   2.541807852641e-06
     261   2.514280689314e-06
     262   2.505257663765e-06
     263   2.499902650444e-06
     264   2.497225179976e-06
     265   2.495613763642e-06
     266   2.495071651398e-06
     267   2.494575715328e-06
     268   2.493727710662e-06
     269   2.492365821061e-06
     270   2.490266909128e-06
     271   2.486929955525e-06
     272   2.481860571946e-06
     273   2.474485961579e-06
     274   2.466952576774e-06
     275   2.458486201840e-06
     276   2.447598431043e-06
     277   2.430289747557e-06
     278   2.401673773744e-06
     279   2.355318754366e-06
     280   2.282705297008e-06
     281   2.186240047442e-06
     282   2.131847526843e-06
     283   2.042680848136e-06
     284   1.918864189321e-06
     285   1.812220756792e-06
     286   1.688314041792e-06
     287   1.574186619613e-06
     288   1.397043266183e-06
     289   1.230510659700e-06
     290   1.211277567803e-06
     291   1.178154437120e-06
     292   1.126454584277e-06
     293   1.068490383616e-06
     294   1.030985371298e-06
     295   9.759544731258e-07
     296   9.353665026968e-07
     297   9.254689564697e-07
     298   9.102222459090e-07
     299   8.882089708173e-07
     300   8.638617663426e-07
     301   8.326041998075e-07
     302   8.087782700228e-07
     303   7.884091215438e-07
     304   7.842273583858e-07
     305   7.808909421314e-07
     306   7.795639814789e-07
     307   7.788689770916e-07
     308   7.781859840961e-07
     309   7.774327016596e-07
     310   7.770416746711e-07
     311   7.768354529647e-07
