# nlayer   iteration    cost = 1 - F_e
# r_target = 0.1, cutoffA = 10, cutoffB = 2
     1          0   5.960517740654e-02
     1          1   5.126196840180e-02
     1          2   4.573571991310e-02
     1          3   4.426225674419e-02
     1          4   4.426217226853e-02
     1          5   4.426213238189e-02
     1          6   4.426212881603e-02

     2          0   7.348867336077e-01
     2          1   8.567583535263e-02
     2          2   5.781451154989e-02
     2          3   5.539188895152e-02
     2          4   5.141400919932e-02
     2          5   4.649739522761e-02
     2          6   4.447516180322e-02
     2          7   4.434212576265e-02
     2          8   4.426235084973e-02
     2          9   4.426213042088e-02
     2         10   4.426212881625e-02

     3          0   8.912598691849e-01
     3          1   9.522499025984e-02
     3          2   6.894624315788e-02
     3          3   5.407560012240e-02
     3          4   5.242552855969e-02
     3          5   4.963570994209e-02
     3          6   4.616147083837e-02
     3          7   4.526309249161e-02
     3          8   4.464848428469e-02
     3          9   4.452477696417e-02
     3         10   4.447419520881e-02
     3         11   4.439698019693e-02
     3         12   4.431737012676e-02
     3         13   4.428185851944e-02
     3         14   4.427293505420e-02
     3         15   4.426950211001e-02
     3         16   4.426640704683e-02
     3         17   4.426381689475e-02
     3         18   4.426259096174e-02
     3         19   4.426235464757e-02
     3         20   4.426230627580e-02
     3         21   4.426225300705e-02
     3         22   4.426218405045e-02
     3         23   4.426214056621e-02
     3         24   4.426212968161e-02

     4          0   3.551131696801e-01
     4          1   6.444534394130e-02
     4          2   5.632713419658e-02
     4          3   5.357449586600e-02
     4          4   4.896652981482e-02
     4          5   4.518573331574e-02
     4          6   4.501828486075e-02
     4          7   4.473961855895e-02
     4          8   4.441976255199e-02
     4          9   4.436462320952e-02
     4         10   4.434004183059e-02
     4         11   4.432581882728e-02
     4         12   4.430450498799e-02
     4         13   4.428999889344e-02
     4         14   4.428703009824e-02
     4         15   4.428617336110e-02
     4         16   4.428512221757e-02
     4         17   4.428335228315e-02
     4         18   4.428053218319e-02
     4         19   4.427729356753e-02
     4         20   4.427559506865e-02
     4         21   4.427323544205e-02
     4         22   4.427072504441e-02
     4         23   4.426723917420e-02
     4         24   4.426452793365e-02
     4         25   4.426339630980e-02
     4         26   4.426303244447e-02
     4         27   4.426278079443e-02
     4         28   4.426251989002e-02
     4         29   4.426234308558e-02
     4         30   4.426228742610e-02
     4         31   4.426227493035e-02
     4         32   4.426226447730e-02
     4         33   4.426224675303e-02
     4         34   4.426221766923e-02
     4         35   4.426217880221e-02
     4         36   4.426216355680e-02
     4         37   4.426215826374e-02
     4         38   4.426215718669e-02
     4         39   4.426215601594e-02
     4         40   4.426215397243e-02
     4         41   4.426215035952e-02
     4         42   4.426214423328e-02
     4         43   4.426213548831e-02
     4         44   4.426213086123e-02
     4         45   4.426212917838e-02
     4         46   4.426212883045e-02

     5          0   4.028126153439e-01
     5          1   1.093204382187e-01
     5          2   8.888517895309e-02
     5          3   8.026611667174e-02
     5          4   6.524038808918e-02
     5          5   4.751421842089e-02
     5          6   4.606851064091e-02
     5          7   4.541435207469e-02
     5          8   4.486496508455e-02
     5          9   4.475467785181e-02
     5         10   4.463911902442e-02
     5         11   4.445937433724e-02
     5         12   4.431741714296e-02
     5         13   4.429000942849e-02
     5         14   4.427951969222e-02
     5         15   4.426746130412e-02
     5         16   4.425174234604e-02
     5         17   4.424264692496e-02
     5         18   4.423995030636e-02
     5         19   4.423869271531e-02
     5         20   4.423698990395e-02
     5         21   4.423408860296e-02
     5         22   4.422895201560e-02
     5         23   4.421986561329e-02
     5         24   4.420506254719e-02
     5         25   4.418962315105e-02
     5         26   4.416971767359e-02
     5         27   4.413562439358e-02
     5         28   4.408420400845e-02
     5         29   4.403991643534e-02
     5         30   4.400253372954e-02
     5         31   4.398071345556e-02
     5         32   4.394151271632e-02
     5         33   4.386777554640e-02
     5         34   4.355285262801e-02
     5         35   4.335964905522e-02
     5         36   4.311132629349e-02
     5         37   4.272247059692e-02
     5         38   4.223449802565e-02
     5         39   4.173340907259e-02
     5         40   4.128739410473e-02
     5         41   4.082942971631e-02
     5         42   4.013424895079e-02
     5         43   3.890465400393e-02
     5         44   3.769353451620e-02
     5         45   3.698699773143e-02
     5         46   3.588467670354e-02
     5         47   3.443691880968e-02
     5         48   3.392073091719e-02
     5         49   3.354540301098e-02
     5         50   3.303380767233e-02
     5         51   3.270570628138e-02
     5         52   3.256526674052e-02
     5         53   3.245656727236e-02
     5         54   3.230134706243e-02
     5         55   3.219171645903e-02
     5         56   3.212198879976e-02
     5         57   3.205714529216e-02
     5         58   3.199703330131e-02
     5         59   3.179135155420e-02
     5         60   3.169348294412e-02
     5         61   3.151037558304e-02
     5         62   3.116188405252e-02
     5         63   3.052346991552e-02
     5         64   2.950091077974e-02
     5         65   2.890169972357e-02
     5         66   2.809621989374e-02
     5         67   2.733023954252e-02
     5         68   2.628899321520e-02
     5         69   2.525058216646e-02
     5         70   2.465215869082e-02
     5         71   2.387565323019e-02
     5         72   2.342727149090e-02
     5         73   2.321471162659e-02
     5         74   2.300132577635e-02
     5         75   2.295959508001e-02
     5         76   2.289110103840e-02
     5         77   2.280637847041e-02
     5         78   2.279686672910e-02
     5         79   2.277872391828e-02
     5         80   2.274472567997e-02
     5         81   2.268454293146e-02
     5         82   2.259623353632e-02
     5         83   2.252995944880e-02
     5         84   2.249011381331e-02
     5         85   2.242629937487e-02
     5         86   2.234443741738e-02
     5         87   2.231310088882e-02
     5         88   2.229853767032e-02
     5         89   2.228400244123e-02
     5         90   2.227258252259e-02
     5         91   2.226229521762e-02
     5         92   2.224977583461e-02
     5         93   2.223712617395e-02
     5         94   2.222988652548e-02
     5         95   2.222659397081e-02
     5         96   2.222166443396e-02
     5         97   2.221750747435e-02
     5         98   2.221357463818e-02
     5         99   2.220948037343e-02
     5        100   2.220418511737e-02
     5        101   2.220177287601e-02
     5        102   2.220039354220e-02
     5        103   2.219878620308e-02
     5        104   2.219818143690e-02
     5        105   2.219776197563e-02
     5        106   2.219758993591e-02
     5        107   2.219754345704e-02
     5        108   2.219753269669e-02
     5        109   2.219752047825e-02
     5        110   2.219750560431e-02
     5        111   2.219747979491e-02
     5        112   2.219743443295e-02
     5        113   2.219735714415e-02
     5        114   2.219723984296e-02
     5        115   2.219714276442e-02
     5        116   2.219709735608e-02
     5        117   2.219707651558e-02
     5        118   2.219707124917e-02
     5        119   2.219706532001e-02
     5        120   2.219705581367e-02
     5        121   2.219704035473e-02
     5        122   2.219701539433e-02
     5        123   2.219697590711e-02
     5        124   2.219691564982e-02
     5        125   2.219683442777e-02
     5        126   2.219672513781e-02
     5        127   2.219660799952e-02
     5        128   2.219648561750e-02
     5        129   2.219637255064e-02
     5        130   2.219628377308e-02
     5        131   2.219622736785e-02
     5        132   2.219620572072e-02
     5        133   2.219620188141e-02
     5        134   2.219620096578e-02
     5        135   2.219620079148e-02

     6          0   9.936496843816e-01
     6          1   4.752999838934e-01
     6          2   4.743889098354e-01
     6          3   3.385218869553e-01
     6          4   1.670911640841e-01
     6          5   6.035541447276e-02
     6          6   5.009213600683e-02
     6          7   4.690695702535e-02
     6          8   4.616215285801e-02
     6          9   4.522057788733e-02
     6         10   4.471636332207e-02
     6         11   4.432069622271e-02
     6         12   4.376075313561e-02
     6         13   4.324208077366e-02
     6         14   4.288944398207e-02
     6         15   4.253396037525e-02
     6         16   4.205072513423e-02
     6         17   4.168268281925e-02
     6         18   4.137779023161e-02
     6         19   4.017946746909e-02
     6         20   3.940113874913e-02
     6         21   3.829368550892e-02
     6         22   3.654702146189e-02
     6         23   3.488026668314e-02
     6         24   3.359820259559e-02
     6         25   3.256777947684e-02
     6         26   3.110780029286e-02
     6         27   2.989783323620e-02
     6         28   2.899503248739e-02
     6         29   2.780692103696e-02
     6         30   2.730574881769e-02
     6         31   2.671480027415e-02
     6         32   2.578282138627e-02
     6         33   2.457796915236e-02
     6         34   2.367256513654e-02
     6         35   2.286075542375e-02
     6         36   2.212107652931e-02
     6         37   2.152440482641e-02
     6         38   2.057067704973e-02
     6         39   1.924301847611e-02
     6         40   1.770120203556e-02
     6         41   1.594710388169e-02
     6         42   1.403193805324e-02
     6         43   1.347648764831e-02
     6         44   1.261642664314e-02
     6         45   1.137527061057e-02
     6         46   9.771019988579e-03
     6         47   8.326107880182e-03
     6         48   6.936606043360e-03
     6         49   5.433570063797e-03
     6         50   4.405978005157e-03
     6         51   3.545805279677e-03
     6         52   2.795126796234e-03
     6         53   2.307677046613e-03
     6         54   2.018217144207e-03
     6         55   1.739078948242e-03
     6         56   1.636107265974e-03
     6         57   1.493411029999e-03
     6         58   1.367089651326e-03
     6         59   1.220375977624e-03
     6         60   1.033565670314e-03
     6         61   9.286253558167e-04
     6         62   8.764887134061e-04
     6         63   8.582601835826e-04
     6         64   8.277529850875e-04
     6         65   7.816656841263e-04
     6         66   7.365957862657e-04
     6         67   7.148112989873e-04
     6         68   7.002280342435e-04
     6         69   6.909140347798e-04
     6         70   6.802862406026e-04
     6         71   6.695518274910e-04
     6         72   6.612554215459e-04
     6         73   6.550996885099e-04
     6         74   6.458386672407e-04
     6         75   6.350382960713e-04
     6         76   6.198015371798e-04
     6         77   6.048953283778e-04
     6         78   5.963024349407e-04
     6         79   5.925110774812e-04
     6         80   5.879266688720e-04
     6         81   5.826710448877e-04
     6         82   5.743579940380e-04
     6         83   5.609076676094e-04
     6         84   5.393244156690e-04
     6         85   5.098483125608e-04
     6         86   4.885698286725e-04
     6         87   4.762343964615e-04
     6         88   4.591566591745e-04
     6         89   4.472185420602e-04
     6         90   4.374376258829e-04
     6         91   4.326529987386e-04
     6         92   4.288111236912e-04
     6         93   4.274481760781e-04
     6         94   4.266748891414e-04
     6         95   4.259479282365e-04
     6         96   4.249716913093e-04
     6         97   4.233837532803e-04
     6         98   4.210462403899e-04
     6         99   4.179771761489e-04
     6        100   4.137930919761e-04
     6        101   4.077058873410e-04
     6        102   4.005852701061e-04
     6        103   3.954662516596e-04
     6        104   3.932301694408e-04
     6        105   3.912749991364e-04
     6        106   3.905270994790e-04
     6        107   3.897746503765e-04
     6        108   3.890166144928e-04
     6        109   3.880894507827e-04
     6        110   3.870065802277e-04
     6        111   3.856097909162e-04
     6        112   3.838267884748e-04
     6        113   3.810971882132e-04
     6        114   3.764093622429e-04
     6        115   3.686451560284e-04
     6        116   3.586701128312e-04
     6        117   3.544132096649e-04
     6        118   3.469857414755e-04
     6        119   3.383028358962e-04
     6        120   3.306170421201e-04
     6        121   3.275964678948e-04
     6        122   3.226791874362e-04
     6        123   3.165685805944e-04
     6        124   3.141693855956e-04
     6        125   3.126195981886e-04
     6        126   3.120559667650e-04
     6        127   3.116840029003e-04
     6        128   3.114817934250e-04
     6        129   3.113228601044e-04
     6        130   3.112295919988e-04
     6        131   3.111732334986e-04
     6        132   3.111123794107e-04
     6        133   3.110178661632e-04
     6        134   3.108576955796e-04
     6        135   3.105753996253e-04
     6        136   3.100801815663e-04
     6        137   3.092465661552e-04
     6        138   3.079638008109e-04
     6        139   3.063654198395e-04
     6        140   3.046567205164e-04
     6        141   3.038884474355e-04
     6        142   3.028253095106e-04
     6        143   3.023766462925e-04
     6        144   3.022422667129e-04
     6        145   3.021101000829e-04
     6        146   3.019485390513e-04
     6        147   3.016988769505e-04
     6        148   3.013915589949e-04
     6        149   3.011331712011e-04
     6        150   3.008178545155e-04
     6        151   3.003201964049e-04
     6        152   2.995738323797e-04
     6        153   2.985513465146e-04
     6        154   2.974171192588e-04
     6        155   2.959237154256e-04
     6        156   2.954486976268e-04
     6        157   2.948201057140e-04
     6        158   2.945135996063e-04
     6        159   2.943074176399e-04
     6        160   2.940939226636e-04
     6        161   2.940133833402e-04
     6        162   2.939181275713e-04
     6        163   2.938576354506e-04
     6        164   2.938231242172e-04
     6        165   2.938133267585e-04
     6        166   2.938108815026e-04
     6        167   2.938086000175e-04
     6        168   2.938052622383e-04
     6        169   2.937994106957e-04
     6        170   2.937888642043e-04
     6        171   2.937698840075e-04
     6        172   2.937361423005e-04
     6        173   2.936777902783e-04
     6        174   2.935806368052e-04
     6        175   2.934282656202e-04
     6        176   2.932220420336e-04
     6        177   2.930334054758e-04
     6        178   2.929131176799e-04
     6        179   2.928933105530e-04
     6        180   2.928736721354e-04
     6        181   2.928692969830e-04
     6        182   2.928654854435e-04
     6        183   2.928631001357e-04
     6        184   2.928599082089e-04
     6        185   2.928577823132e-04
     6        186   2.928559265741e-04
     6        187   2.928542869050e-04
     6        188   2.928528173476e-04
     6        189   2.928520543825e-04
     6        190   2.928518482389e-04

     7          0   1.342308528387e-01
     7          1   4.837699663809e-02
     7          2   1.620520005465e-02
     7          3   3.653732462490e-03
     7          4   1.900850397431e-03
     7          5   1.432636601336e-03
     7          6   1.198262871423e-03
     7          7   9.725056616490e-04
     7          8   8.195137695302e-04
     7          9   6.941327588527e-04
     7         10   6.303863687225e-04
     7         11   5.812495300467e-04
     7         12   5.717254629574e-04
     7         13   5.572561479493e-04
     7         14   5.331845284152e-04
     7         15   4.970780723212e-04
     7         16   4.461538642804e-04
     7         17   4.137539625595e-04
     7         18   4.035422051553e-04
     7         19   3.877178190484e-04
     7         20   3.656430574381e-04
     7         21   3.549996268370e-04
     7         22   3.400526949509e-04
     7         23   3.307950022389e-04
     7         24   3.266584440698e-04
     7         25   3.216527699169e-04
     7         26   3.135292178222e-04
     7         27   3.014816823673e-04
     7         28   2.935559795888e-04
     7         29   2.918340547771e-04
     7         30   2.912674491151e-04
     7         31   2.907123018494e-04
     7         32   2.903523622885e-04
     7         33   2.901138060125e-04
     7         34   2.899569215300e-04
     7         35   2.898331166989e-04
     7         36   2.897026537011e-04
     7         37   2.896332390541e-04
     7         38   2.896103419405e-04
     7         39   2.895820761885e-04
     7         40   2.895359094353e-04
     7         41   2.894628720432e-04
     7         42   2.893720132774e-04
     7         43   2.893155468355e-04
     7         44   2.892587679193e-04
     7         45   2.891987651867e-04
     7         46   2.891081659538e-04
     7         47   2.890159818701e-04
     7         48   2.889665084045e-04
     7         49   2.889444514911e-04
     7         50   2.889225487405e-04
     7         51   2.888841308970e-04
     7         52   2.888144494630e-04
     7         53   2.886877284777e-04
     7         54   2.884629793559e-04
     7         55   2.880912748300e-04
     7         56   2.875987403433e-04
     7         57   2.873048628601e-04
     7         58   2.870542209146e-04
     7         59   2.869985327161e-04
     7         60   2.869801675470e-04
     7         61   2.869596588840e-04
     7         62   2.869248769667e-04
     7         63   2.868615505360e-04
     7         64   2.867432148789e-04
     7         65   2.865216534027e-04
     7         66   2.861135610128e-04
     7         67   2.854461391937e-04
     7         68   2.850747006992e-04
     7         69   2.845963309812e-04
     7         70   2.842346921724e-04
     7         71   2.841397774023e-04
     7         72   2.841125443538e-04
     7         73   2.840961369034e-04
     7         74   2.840704105970e-04
     7         75   2.840450755507e-04
     7         76   2.840300471284e-04
     7         77   2.840141973703e-04
     7         78   2.840048636022e-04
     7         79   2.839938651960e-04
     7         80   2.839747535923e-04
     7         81   2.839405183809e-04
     7         82   2.838780465118e-04
     7         83   2.837631258464e-04
     7         84   2.835511608129e-04
     7         85   2.831624191054e-04
     7         86   2.824758508675e-04
     7         87   2.815123103014e-04
     7         88   2.810507479535e-04
     7         89   2.802383576105e-04
     7         90   2.787386184047e-04
     7         91   2.760199471158e-04
     7         92   2.716527860889e-04
     7         93   2.695058616053e-04
     7         94   2.663918996157e-04
     7         95   2.646445974156e-04
     7         96   2.616495090797e-04
     7         97   2.574402600548e-04
     7         98   2.535300605143e-04
     7         99   2.498835088318e-04
     7        100   2.475979124726e-04
     7        101   2.442444494755e-04
     7        102   2.418727895855e-04
     7        103   2.386979386242e-04
     7        104   2.363023844317e-04
     7        105   2.348443607511e-04
     7        106   2.331734051241e-04
     7        107   2.301755254243e-04
     7        108   2.251763897715e-04
     7        109   2.189183250558e-04
     7        110   2.178431195106e-04
     7        111   2.158725985546e-04
     7        112   2.124181444598e-04
     7        113   2.074780719069e-04
     7        114   2.067416015242e-04
     7        115   2.053704335901e-04
     7        116   2.029370402471e-04
     7        117   1.991994031897e-04
     7        118   1.969989458823e-04
     7        119   1.946459179966e-04
     7        120   1.907238339753e-04
     7        121   1.871950397512e-04
     7        122   1.825723886132e-04
     7        123   1.770751901951e-04
     7        124   1.742105331103e-04
     7        125   1.699178573137e-04
     7        126   1.648171843601e-04
     7        127   1.634998753103e-04
     7        128   1.611941199261e-04
     7        129   1.572324414491e-04
     7        130   1.514677753832e-04
     7        131   1.496310785376e-04
     7        132   1.468019623418e-04
     7        133   1.444041260344e-04
     7        134   1.410073244485e-04
     7        135   1.390140517731e-04
     7        136   1.359347286329e-04
     7        137   1.325069099394e-04
     7        138   1.281496861131e-04
     7        139   1.263727121159e-04
     7        140   1.232379874199e-04
     7        141   1.178561556031e-04
     7        142   1.095309594539e-04
     7        143   1.034808466400e-04
     7        144   9.829225298374e-05
     7        145   9.464280121874e-05
     7        146   9.271100521235e-05
     7        147   8.995148303459e-05
     7        148   8.601256402041e-05
     7        149   8.232908374173e-05
     7        150   7.955148294225e-05
     7        151   7.833434529037e-05
     7        152   7.621033955152e-05
     7        153   7.289539738753e-05
     7        154   7.010321379497e-05
     7        155   6.897062365130e-05
     7        156   6.762014488682e-05
     7        157   6.608962837962e-05
     7        158   6.468149462535e-05
     7        159   6.229887430154e-05
     7        160   5.864743817507e-05
     7        161   5.595946089332e-05
     7        162   5.540779978586e-05
     7        163   5.447902717903e-05
     7        164   5.289397277564e-05
     7        165   5.060246022848e-05
     7        166   4.941977609019e-05
     7        167   4.888779252388e-05
     7        168   4.829788271876e-05
     7        169   4.784984318429e-05
     7        170   4.726192289584e-05
     7        171   4.641112746906e-05
     7        172   4.531046403611e-05
     7        173   4.360070829856e-05
     7        174   4.093128089722e-05
     7        175   3.739123267710e-05
     7        176   3.522575181425e-05
     7        177   3.428581719134e-05
     7        178   3.379583728302e-05
     7        179   3.341164297976e-05
     7        180   3.316736349757e-05
     7        181   3.300326395062e-05
     7        182   3.281607241268e-05
     7        183   3.266368164245e-05
     7        184   3.245261967977e-05
     7        185   3.211721092977e-05
     7        186   3.156974548513e-05
     7        187   3.068617387103e-05
     7        188   2.936567371081e-05
     7        189   2.803834764420e-05
     7        190   2.709243328725e-05
     7        191   2.646701903031e-05
     7        192   2.555215938538e-05
     7        193   2.399573566858e-05
     7        194   2.128615666763e-05
     7        195   1.702325155695e-05
     7        196   1.322746348109e-05
     7        197   1.182572314296e-05
     7        198   1.126080370595e-05
     7        199   1.104068449709e-05
     7        200   1.075378946114e-05
     7        201   1.065319026139e-05
     7        202   1.058734106962e-05
     7        203   1.055764029867e-05
     7        204   1.053704489895e-05
     7        205   1.052215625341e-05
     7        206   1.050725519136e-05
     7        207   1.049118475360e-05
     7        208   1.047907657981e-05
     7        209   1.046242500369e-05
     7        210   1.043830312053e-05
     7        211   1.040239110661e-05
     7        212   1.036006940158e-05
     7        213   1.028902915268e-05
     7        214   1.016503871598e-05
     7        215   9.948813439298e-06
     7        216   9.581979476536e-06
     7        217   9.029024775176e-06
     7        218   8.547881376164e-06
     7        219   8.300862060606e-06
     7        220   7.893057533348e-06
     7        221   7.274353209574e-06
     7        222   6.835735147037e-06
     7        223   6.619549601683e-06
     7        224   6.374910362261e-06
     7        225   6.119401998350e-06
     7        226   5.920949066818e-06
     7        227   5.847723957730e-06
     7        228   5.792152719009e-06
     7        229   5.729375715524e-06
     7        230   5.676860467041e-06
     7        231   5.624672349880e-06
     7        232   5.542406727566e-06
     7        233   5.429824122882e-06
     7        234   5.315671624539e-06
     7        235   5.142755211796e-06
     7        236   4.878923502982e-06
     7        237   4.597511610638e-06
     7        238   4.399875716654e-06
     7        239   4.113463888067e-06
     7        240   3.860131679079e-06
     7        241   3.517709181389e-06
     7        242   3.356201253246e-06
     7        243   3.201719907420e-06
     7        244   3.092020160689e-06
     7        245   2.967220767647e-06
     7        246   2.834734858403e-06
     7        247   2.795263901567e-06
     7        248   2.742908719378e-06
     7        249   2.703693826933e-06
     7        250   2.701135108363e-06
     7        251   2.696283766590e-06
     7        252   2.687373121812e-06
     7        253   2.672226082412e-06
     7        254   2.652059262087e-06
     7        255   2.640668988807e-06
     7        256   2.623452297734e-06
     7        257   2.599057377539e-06
     7        258   2.581062551910e-06
     7        259   2.562641115422e-06
     7        260   2.541807852641e-06
     7        261   2.514280689314e-06
     7        262   2.505257663765e-06
     7        263   2.499902650444e-06
     7        264   2.497225179976e-06
     7        265   2.495613763642e-06
     7        266   2.495071651398e-06
     7        267   2.494575715328e-06
     7        268   2.493727710662e-06
     7        269   2.492365821061e-06
     7        270   2.490266909128e-06
     7        271   2.486929955525e-06
     7        272   2.481860571946e-06
     7        273   2.474485961579e-06
     7        274   2.466952576774e-06
     7        275   2.458486201840e-06
     7        276   2.447598431043e-06
     7        277   2.430289747557e-06
     7        278   2.401673773744e-06
     7        279   2.355318754366e-06
     7        280   2.282705297008e-06
     7        281   2.186240047442e-06
     7        282   2.131847526843e-06
     7        283   2.042680848136e-06
     7        284   1.918864189321e-06
     7        285   1.812220756792e-06
     7        286   1.688314041792e-06
     7        287   1.574186619613e-06
     7        288   1.397043266183e-06
     7        289   1.230510659700e-06
     7        290   1.211277567803e-06
     7        291   1.178154437120e-06
     7        292   1.126454584277e-06
     7        293   1.068490383616e-06
     7        294   1.030985371298e-06
     7        295   9.759544731258e-07
     7        296   9.353665026968e-07
     7        297   9.254689564697e-07
     7        298   9.102222459090e-07
     7        299   8.882089708173e-07
     7        300   8.638617663426e-07
     7        301   8.326041998075e-07
     7        302   8.087782700228e-07
     7        303   7.884091215438e-07
     7        304   7.842273583858e-07
     7        305   7.808909421314e-07
     7        306   7.795639814789e-07
     7        307   7.788689770916e-07
     7        308   7.781859840961e-07
     7        309   7.774327016596e-07
     7        310   7.770416746711e-07
     7        311   7.768354529647e-07

