# iteration    cost = 1 - F_e
# Nlayers = 4, r_target = 0.1, cutoffA = 10, cutoffB = 2
       0   3.551131696801e-01
       1   6.444534394130e-02
       2   5.632713419658e-02
       3   5.357449586600e-02
       4   4.896652981482e-02
       5   4.518573331574e-02
       6   4.501828486075e-02
       7   4.473961855895e-02
       8   4.441976255199e-02
       9   4.436462320952e-02
      10   4.434004183059e-02
      11   4.432581882728e-02
      12   4.430450498799e-02
      13   4.428999889344e-02
      14   4.428703009824e-02
      15   4.428617336110e-02
      16   4.428512221757e-02
      17   4.428335228315e-02
      18   4.428053218319e-02
      19   4.427729356753e-02
      20   4.427559506865e-02
      21   4.427323544205e-02
      22   4.427072504441e-02
      23   4.426723917420e-02
      24   4.426452793365e-02
      25   4.426339630980e-02
      26   4.426303244447e-02
      27   4.426278079443e-02
      28   4.426251989002e-02
      29   4.426234308558e-02
      30   4.426228742610e-02
      31   4.426227493035e-02
      32   4.426226447730e-02
      33   4.426224675303e-02
      34   4.426221766923e-02
      35   4.426217880221e-02
      36   4.426216355680e-02
      37   4.426215826374e-02
      38   4.426215718669e-02
      39   4.426215601594e-02
      40   4.426215397243e-02
      41   4.426215035952e-02
      42   4.426214423328e-02
      43   4.426213548831e-02
      44   4.426213086123e-02
      45   4.426212917838e-02
      46   4.426212883045e-02
