# iteration    cost = 1 - F_e
# Nlayers = 3, r_target = 0.1, cutoffA = 10, cutoffB = 2
       0   8.912598691849e-01
       1   9.522499025984e-02
       2   6.894624315788e-02
       3   5.407560012240e-02
       4   5.242552855969e-02
       5   4.963570994209e-02
       6   4.616147083837e-02
       7   4.526309249161e-02
       8   4.464848428469e-02
       9   4.452477696417e-02
      10   4.447419520881e-02
      11   4.439698019693e-02
      12   4.431737012676e-02
      13   4.428185851944e-02
      14   4.427293505420e-02
      15   4.426950211001e-02
      16   4.426640704683e-02
      17   4.426381689475e-02
      18   4.426259096174e-02
      19   4.426235464757e-02
      20   4.426230627580e-02
      21   4.426225300705e-02
      22   4.426218405045e-02
      23   4.426214056621e-02
      24   4.426212968161e-02
