# iteration    cost = 1 - F_e
# Nlayers = 6, r_target = 0.1, cutoffA = 10, cutoffB = 2
       0   9.936496843816e-01
       1   4.752999838934e-01
       2   4.743889098354e-01
       3   3.385218869553e-01
       4   1.670911640841e-01
       5   6.035541447276e-02
       6   5.009213600683e-02
       7   4.690695702535e-02
       8   4.616215285801e-02
       9   4.522057788733e-02
      10   4.471636332207e-02
      11   4.432069622271e-02
      12   4.376075313561e-02
      13   4.324208077366e-02
      14   4.288944398207e-02
      15   4.253396037525e-02
      16   4.205072513423e-02
      17   4.168268281925e-02
      18   4.137779023161e-02
      19   4.017946746909e-02
      20   3.940113874913e-02
      21   3.829368550892e-02
      22   3.654702146189e-02
      23   3.488026668314e-02
      24   3.359820259559e-02
      25   3.256777947684e-02
      26   3.110780029286e-02
      27   2.989783323620e-02
      28   2.899503248739e-02
      29   2.780692103696e-02
      30   2.730574881769e-02
      31   2.671480027415e-02
      32   2.578282138627e-02
      33   2.457796915236e-02
      34   2.367256513654e-02
      35   2.286075542375e-02
      36   2.212107652931e-02
      37   2.152440482641e-02
      38   2.057067704973e-02
      39   1.924301847611e-02
      40   1.770120203556e-02
      41   1.594710388169e-02
      42   1.403193805324e-02
      43   1.347648764831e-02
      44   1.261642664314e-02
      45   1.137527061057e-02
      46   9.771019988579e-03
      47   8.326107880182e-03
      48   6.936606043360e-03
      49   5.433570063797e-03
      50   4.405978005157e-03
      51   3.545805279677e-03
      52   2.795126796234e-03
      53   2.307677046613e-03
      54   2.018217144207e-03
      55   1.739078948242e-03
      56   1.636107265974e-03
      57   1.493411029999e-03
      58   1.367089651326e-03
      59   1.220375977624e-03
      60   1.033565670314e-03
      61   9.286253558167e-04
      62   8.764887134061e-04
      63   8.582601835826e-04
      64   8.277529850875e-04
      65   7.816656841263e-04
      66   7.365957862657e-04
      67   7.148112989873e-04
      68   7.002280342435e-04
      69   6.909140347798e-04
      70   6.802862406026e-04
      71   6.695518274910e-04
      72   6.612554215459e-04
      73   6.550996885099e-04
      74   6.458386672407e-04
      75   6.350382960713e-04
      76   6.198015371798e-04
      77   6.048953283778e-04
      78   5.963024349407e-04
      79   5.925110774812e-04
      80   5.879266688720e-04
      81   5.826710448877e-04
      82   5.743579940380e-04
      83   5.609076676094e-04
      84   5.393244156690e-04
      85   5.098483125608e-04
      86   4.885698286725e-04
      87   4.762343964615e-04
      88   4.591566591745e-04
      89   4.472185420602e-04
      90   4.374376258829e-04
      91   4.326529987386e-04
      92   4.288111236912e-04
      93   4.274481760781e-04
      94   4.266748891414e-04
      95   4.259479282365e-04
      96   4.249716913093e-04
      97   4.233837532803e-04
      98   4.210462403899e-04
      99   4.179771761489e-04
     100   4.137930919761e-04
     101   4.077058873410e-04
     102   4.005852701061e-04
     103   3.954662516596e-04
     104   3.932301694408e-04
     105   3.912749991364e-04
     106   3.905270994790e-04
     107   3.897746503765e-04
     108   3.890166144928e-04
     109   3.880894507827e-04
     110   3.870065802277e-04
     111   3.856097909162e-04
     112   3.838267884748e-04
     113   3.810971882132e-04
     114   3.764093622429e-04
     115   3.686451560284e-04
     116   3.586701128312e-04
     117   3.544132096649e-04
     118   3.469857414755e-04
     119   3.383028358962e-04
     120   3.306170421201e-04
     121   3.275964678948e-04
     122   3.226791874362e-04
     123   3.165685805944e-04
     124   3.141693855956e-04
     125   3.126195981886e-04
     126   3.120559667650e-04
     127   3.116840029003e-04
     128   3.114817934250e-04
     129   3.113228601044e-04
     130   3.112295919988e-04
     131   3.111732334986e-04
     132   3.111123794107e-04
     133   3.110178661632e-04
     134   3.108576955796e-04
     135   3.105753996253e-04
     136   3.100801815663e-04
     137   3.092465661552e-04
     138   3.079638008109e-04
     139   3.063654198395e-04
     140   3.046567205164e-04
     141   3.038884474355e-04
     142   3.028253095106e-04
     143   3.023766462925e-04
     144   3.022422667129e-04
     145   3.021101000829e-04
     146   3.019485390513e-04
     147   3.016988769505e-04
     148   3.013915589949e-04
     149   3.011331712011e-04
     150   3.008178545155e-04
     151   3.003201964049e-04
     152   2.995738323797e-04
     153   2.985513465146e-04
     154   2.974171192588e-04
     155   2.959237154256e-04
     156   2.954486976268e-04
     157   2.948201057140e-04
     158   2.945135996063e-04
     159   2.943074176399e-04
     160   2.940939226636e-04
     161   2.940133833402e-04
     162   2.939181275713e-04
     163   2.938576354506e-04
     164   2.938231242172e-04
     165   2.938133267585e-04
     166   2.938108815026e-04
     167   2.938086000175e-04
     168   2.938052622383e-04
     169   2.937994106957e-04
     170   2.937888642043e-04
     171   2.937698840075e-04
     172   2.937361423005e-04
     173   2.936777902783e-04
     174   2.935806368052e-04
     175   2.934282656202e-04
     176   2.932220420336e-04
     177   2.930334054758e-04
     178   2.929131176799e-04
     179   2.928933105530e-04
     180   2.928736721354e-04
     181   2.928692969830e-04
     182   2.928654854435e-04
     183   2.928631001357e-04
     184   2.928599082089e-04
     185   2.928577823132e-04
     186   2.928559265741e-04
     187   2.928542869050e-04
     188   2.928528173476e-04
     189   2.928520543825e-04
     190   2.928518482389e-04
