# iteration    cost = 1 - F_e
# Nlayers = 10, theta_target = 0.58905, cutoffA = 10, cutoffB = 2
       0   1.804161973348e-01
       1   3.917427972270e-02
       2   3.354235515316e-02
       3   2.357396382652e-02
       4   1.350343345623e-02
       5   4.266573468965e-03
       6   2.199713709631e-03
       7   1.058807406987e-03
       8   5.571650993993e-04
       9   3.417984397553e-04
      10   2.933411677841e-04
      11   2.624374047913e-04
      12   2.464245387439e-04
      13   2.386063250235e-04
      14   2.289994165784e-04
      15   2.268671333101e-04
      16   2.245726512493e-04
      17   2.237778204119e-04
      18   2.226959259278e-04
      19   2.223467530772e-04
      20   2.217186619334e-04
      21   2.206077047302e-04
      22   2.188363918779e-04
      23   2.165612469648e-04
      24   2.140724576338e-04
      25   2.112742539214e-04
      26   2.083931618679e-04
      27   2.072523963144e-04
      28   2.064067980956e-04
      29   2.056712649241e-04
      30   2.054124996980e-04
      31   2.052321989902e-04
      32   2.049922516570e-04
      33   2.046046328331e-04
      34   2.040213644661e-04
      35   2.034731647871e-04
      36   2.031145264004e-04
      37   2.028441083404e-04
      38   2.026593424546e-04
      39   2.025392217222e-04
      40   2.024816567063e-04
      41   2.024429969707e-04
      42   2.023863615506e-04
      43   2.022931136705e-04
      44   2.021401891790e-04
      45   2.019102735134e-04
      46   2.016987571141e-04
      47   2.015650906158e-04
      48   2.014825172413e-04
      49   2.014293673785e-04
      50   2.013557657631e-04
      51   2.012373227384e-04
      52   2.010446028891e-04
      53   2.007448968453e-04
      54   2.003957758236e-04
      55   2.001925706970e-04
      56   2.001128258966e-04
      57   2.000914582189e-04
      58   2.000799111873e-04
      59   2.000652299193e-04
      60   2.000404006792e-04
      61   1.999976537422e-04
      62   1.999270101422e-04
      63   1.998295182107e-04
      64   1.997804167061e-04
      65   1.997596663833e-04
      66   1.997556169654e-04
      67   1.997539752412e-04
      68   1.997512223071e-04
      69   1.997464533150e-04
      70   1.997379729221e-04
      71   1.997229017643e-04
      72   1.996964101406e-04
      73   1.996509916915e-04
      74   1.995762474778e-04
      75   1.994636713630e-04
      76   1.993536314874e-04
      77   1.992818283572e-04
      78   1.992496738620e-04
      79   1.992446403369e-04
      80   1.992429710848e-04
      81   1.992403620551e-04
      82   1.992361747476e-04
      83   1.992292494621e-04
      84   1.992175786060e-04
      85   1.991982834915e-04
      86   1.991689706438e-04
      87   1.991413063080e-04
      88   1.991272048550e-04
      89   1.991227144228e-04
      90   1.991219493475e-04
