# iteration    cost = 1 - F_e
# Nlayers = 4, theta_target = 0.58905, cutoffA = 10, cutoffB = 2
       0   7.900701096933e-01
       1   6.898378276208e-01
       2   6.811381444653e-01
       3   6.750858920898e-01
       4   6.741916405502e-01
       5   6.737523573866e-01
       6   6.736085986262e-01
       7   6.735763534692e-01
       8   6.735225719788e-01
       9   6.674637442511e-01
      10   6.674065966090e-01
      11   6.581599898993e-01
      12   6.489312284598e-01
      13   6.318056148866e-01
      14   5.997887203853e-01
      15   5.469838854340e-01
      16   5.284497106725e-01
      17   5.141426230099e-01
      18   5.113999230908e-01
      19   5.066157905748e-01
      20   5.007753113315e-01
      21   5.002371134990e-01
      22   5.000699761104e-01
      23   4.999523382041e-01
      24   4.999035906117e-01
      25   4.998737744641e-01
      26   4.998581682504e-01
      27   4.998476531603e-01
      28   4.998374915107e-01
      29   4.998288971690e-01
      30   4.998237483812e-01
      31   4.998216994762e-01
      32   4.998207767357e-01
      33   4.998202888797e-01
      34   4.998200857033e-01
      35   4.998199973508e-01
      36   4.998199503677e-01
      37   4.998199340064e-01
      38   4.998199291259e-01
      39   4.998199250200e-01
      40   4.998199186496e-01
      41   4.998199112937e-01
      42   4.998199082665e-01
      43   4.998199076503e-01
