# iteration    cost = 1 - F_e
# Nlayers = 1, theta_target = 0.58905, cutoffA = 10, cutoffB = 2
       0   9.087918712154e-01
       1   8.994559261181e-01
       2   8.848490916438e-01
       3   8.803236988538e-01
       4   8.796770982468e-01
       5   8.788618906807e-01
       6   8.777319654659e-01
       7   8.771566076805e-01
       8   8.769234710102e-01
       9   8.768140033239e-01
      10   8.767725329396e-01
      11   8.767651073582e-01
      12   8.767645721795e-01
      13   8.767644566404e-01
      14   8.767642666598e-01
      15   8.767640043968e-01
      16   8.767638938875e-01
      17   8.767638689238e-01
      18   8.767638668374e-01
