# iteration    cost = 1 - F_e
# Nlayers = 2, theta_target = 0.58905, cutoffA = 10, cutoffB = 2
       0   9.318163460718e-01
       1   9.080192668892e-01
       2   8.815915493005e-01
       3   8.804875763733e-01
       4   8.787120279208e-01
       5   8.773791467645e-01
       6   8.771227989334e-01
       7   8.769741736026e-01
       8   8.769603420583e-01
       9   8.769347953424e-01
      10   8.768892870479e-01
      11   8.768190236383e-01
      12   8.767757135843e-01
      13   8.767685064558e-01
      14   8.767656274263e-01
      15   8.767649877744e-01
      16   8.767643780677e-01
      17   8.767640033850e-01
      18   8.767638788204e-01
      19   8.767638671587e-01
