# iteration    cost = 1 - F_e
# Nlayers = 5, theta_target = 0.58905, cutoffA = 10, cutoffB = 2
       0   9.096145709122e-01
       1   8.972370691510e-01
       2   8.827236086727e-01
       3   8.794668717757e-01
       4   8.769389040578e-01
       5   8.765618354485e-01
       6   8.759027371617e-01
       7   8.748015100086e-01
       8   8.732289987183e-01
       9   8.715281059231e-01
      10   8.687946077499e-01
      11   8.643394663640e-01
      12   8.567934258961e-01
      13   8.444931078907e-01
      14   8.255182067845e-01
      15   7.979205749892e-01
      16   7.638147961587e-01
      17   7.434204593337e-01
      18   7.314493887715e-01
      19   7.190166305801e-01
      20   7.034677471045e-01
      21   6.849560470707e-01
      22   6.690062315175e-01
      23   6.428218987344e-01
      24   6.196260656384e-01
      25   5.785381439935e-01
      26   5.164409888164e-01
      27   4.987477704665e-01
      28   4.903148289385e-01
      29   4.845255329344e-01
      30   4.755971092666e-01
      31   4.626666630733e-01
      32   4.506346036076e-01
      33   4.356236388557e-01
      34   4.111169437958e-01
      35   3.856752976134e-01
      36   3.668622255325e-01
      37   3.361427715132e-01
      38   2.929908044818e-01
      39   2.807652625892e-01
      40   2.644074097173e-01
      41   2.553623687723e-01
      42   2.432234738460e-01
      43   2.325140318057e-01
      44   2.204279599089e-01
      45   2.118038723154e-01
      46   2.010120531127e-01
      47   1.967388033450e-01
      48   1.922230417247e-01
      49   1.891564222391e-01
      50   1.869390617608e-01
      51   1.856658881022e-01
      52   1.847325716769e-01
      53   1.845072618449e-01
      54   1.844432251321e-01
      55   1.844135820122e-01
      56   1.844025965068e-01
      57   1.844006223197e-01
      58   1.843999883619e-01
      59   1.843998742285e-01
      60   1.843998176067e-01
      61   1.843998019312e-01
      62   1.843997936275e-01
      63   1.843997888975e-01
      64   1.843997881334e-01
