# iteration    cost = 1 - F_e
# Nlayers = 3, theta_target = 0.58905, cutoffA = 10, cutoffB = 2
       0   9.527918892384e-01
       1   9.081886933212e-01
       2   8.845458037788e-01
       3   8.824087097099e-01
       4   8.792088064739e-01
       5   8.771087458125e-01
       6   8.769812318803e-01
       7   8.768940434067e-01
       8   8.767952376791e-01
       9   8.767722066628e-01
      10   8.767414644494e-01
      11   8.767021481877e-01
      12   8.766654658196e-01
      13   8.766325920356e-01
      14   8.765819259766e-01
      15   8.764937596276e-01
      16   8.763430066927e-01
      17   8.761271249791e-01
      18   8.758232755189e-01
      19   8.753853175916e-01
      20   8.747052043290e-01
      21   8.738887423606e-01
      22   8.722767545472e-01
      23   8.708851959555e-01
      24   8.688678517264e-01
      25   8.652211606329e-01
      26   8.589627614338e-01
      27   8.506367584719e-01
      28   8.399715107101e-01
      29   8.292706102169e-01
      30   8.258869646126e-01
      31   8.206343089310e-01
      32   8.126436418147e-01
      33   8.022756730241e-01
      34   7.948401633658e-01
      35   7.876685511876e-01
      36   7.655414566748e-01
      37   7.636562269672e-01
      38   7.604191903144e-01
      39   7.551041934681e-01
      40   7.485707340408e-01
      41   7.456708303008e-01
      42   7.426072001608e-01
      43   7.381307017000e-01
      44   7.355167939963e-01
      45   7.347446084791e-01
      46   7.343785720461e-01
      47   7.342799003511e-01
      48   7.342344049538e-01
      49   7.341980545004e-01
      50   7.341637626406e-01
      51   7.340984558676e-01
      52   7.339766874852e-01
      53   7.338076626999e-01
      54   7.336326171712e-01
      55   7.333181492620e-01
      56   7.327737509300e-01
      57   7.320015960909e-01
      58   7.316561328546e-01
      59   7.314535548611e-01
      60   7.298103175404e-01
      61   7.288629576670e-01
      62   7.276507923991e-01
      63   7.254083629481e-01
      64   7.212151140584e-01
      65   7.142948509731e-01
      66   7.081022737680e-01
      67   7.050186814923e-01
      68   6.998627510564e-01
      69   6.915556672665e-01
      70   6.822180543123e-01
      71   6.780964390115e-01
      72   6.746653862924e-01
      73   6.741364991598e-01
      74   6.739241095485e-01
      75   6.738636923864e-01
      76   6.738505311225e-01
      77   6.738333843767e-01
      78   6.738214556363e-01
      79   6.738197837493e-01
      80   6.738192906996e-01
      81   6.738191983215e-01
      82   6.738191611695e-01
      83   6.738191501646e-01
      84   6.738191459899e-01
      85   6.738191448344e-01
