# iteration    cost = 1 - F_e
# Nlayers = 7, theta_target = 0.58905, cutoffA = 10, cutoffB = 2
       0   1.528899336439e-01
       1   8.044342825013e-02
       2   3.710877709775e-02
       3   3.021202680148e-02
       4   2.461329207897e-02
       5   2.322309493899e-02
       6   2.270317334432e-02
       7   2.246932399848e-02
       8   2.225096879347e-02
       9   2.215956799440e-02
      10   2.214077307751e-02
      11   2.210704913349e-02
      12   2.205256963627e-02
      13   2.196844045466e-02
      14   2.188383353582e-02
      15   2.183706901415e-02
      16   2.179777634691e-02
      17   2.175233296325e-02
      18   2.173981557488e-02
      19   2.173196392908e-02
      20   2.171883856435e-02
      21   2.169973626527e-02
      22   2.166976903209e-02
      23   2.161910500690e-02
      24   2.153222511890e-02
      25   2.139916204234e-02
      26   2.121327920562e-02
      27   2.088820502217e-02
      28   2.033475222796e-02
      29   1.962351428353e-02
      30   1.937922917080e-02
      31   1.898222801639e-02
      32   1.836875626934e-02
      33   1.741700390885e-02
      34   1.601823839160e-02
      35   1.469199830149e-02
      36   1.406428256187e-02
      37   1.306930682707e-02
      38   1.169165164758e-02
      39   1.073943084221e-02
      40   9.203650043303e-03
      41   7.046691687697e-03
      42   5.662783623112e-03
      43   5.159589147280e-03
      44   4.711818195158e-03
      45   4.485025727443e-03
      46   4.123098391504e-03
      47   3.543407214369e-03
      48   2.770100825512e-03
      49   2.345838850823e-03
      50   1.939341876466e-03
      51   1.780173225342e-03
      52   1.683210980584e-03
      53   1.584738638881e-03
      54   1.476223041569e-03
      55   1.371609912496e-03
      56   1.259157569264e-03
      57   1.185700507872e-03
      58   1.122652849997e-03
      59   1.080253938045e-03
      60   1.052035089454e-03
      61   1.024728309251e-03
      62   9.944408315485e-04
      63   9.809649726381e-04
      64   9.646527955894e-04
      65   9.465113222764e-04
      66   9.336933855593e-04
      67   9.267729434709e-04
      68   9.226214916336e-04
      69   9.192760724385e-04
      70   9.164157577675e-04
      71   9.141509750296e-04
      72   9.123719055814e-04
      73   9.107753016397e-04
      74   9.093965082938e-04
      75   9.082333049888e-04
      76   9.073495226772e-04
      77   9.068305109503e-04
      78   9.065218681550e-04
      79   9.062933681725e-04
      80   9.060452623473e-04
      81   9.057097869817e-04
      82   9.052066272184e-04
      83   9.045810502579e-04
      84   9.040709482057e-04
      85   9.038435191338e-04
      86   9.037924068697e-04
      87   9.037832873254e-04
      88   9.037792507800e-04
      89   9.037745345691e-04
      90   9.037666770572e-04
      91   9.037529405007e-04
      92   9.037285095311e-04
      93   9.036855660486e-04
      94   9.036134580200e-04
      95   9.035060897402e-04
      96   9.034149672752e-04
      97   9.033587398178e-04
      98   9.033379295563e-04
      99   9.033349490997e-04
     100   9.033342482050e-04
