# nlayer   iteration    cost = 1 - F_e
# theta_target = 0.58905, cutoffA = 10, cutoffB = 2
     1          0   9.087918712154e-01
     1          1   8.994559261181e-01
     1          2   8.848490916438e-01
     1          3   8.803236988538e-01
     1          4   8.796770982468e-01
     1          5   8.788618906807e-01
     1          6   8.777319654659e-01
     1          7   8.771566076805e-01
     1          8   8.769234710102e-01
     1          9   8.768140033239e-01
     1         10   8.767725329396e-01
     1         11   8.767651073582e-01
     1         12   8.767645721795e-01
     1         13   8.767644566404e-01
     1         14   8.767642666598e-01
     1         15   8.767640043968e-01
     1         16   8.767638938875e-01
     1         17   8.767638689238e-01
     1         18   8.767638668374e-01

     2          0   9.318163460718e-01
     2          1   9.080192668892e-01
     2          2   8.815915493005e-01
     2          3   8.804875763733e-01
     2          4   8.787120279208e-01
     2          5   8.773791467645e-01
     2          6   8.771227989334e-01
     2          7   8.769741736026e-01
     2          8   8.769603420583e-01
     2          9   8.769347953424e-01
     2         10   8.768892870479e-01
     2         11   8.768190236383e-01
     2         12   8.767757135843e-01
     2         13   8.767685064558e-01
     2         14   8.767656274263e-01
     2         15   8.767649877744e-01
     2         16   8.767643780677e-01
     2         17   8.767640033850e-01
     2         18   8.767638788204e-01
     2         19   8.767638671587e-01

     3          0   9.527918892384e-01
     3          1   9.081886933212e-01
     3          2   8.845458037788e-01
     3          3   8.824087097099e-01
     3          4   8.792088064739e-01
     3          5   8.771087458125e-01
     3          6   8.769812318803e-01
     3          7   8.768940434067e-01
     3          8   8.767952376791e-01
     3          9   8.767722066628e-01
     3         10   8.767414644494e-01
     3         11   8.767021481877e-01
     3         12   8.766654658196e-01
     3         13   8.766325920356e-01
     3         14   8.765819259766e-01
     3         15   8.764937596276e-01
     3         16   8.763430066927e-01
     3         17   8.761271249791e-01
     3         18   8.758232755189e-01
     3         19   8.753853175916e-01
     3         20   8.747052043290e-01
     3         21   8.738887423606e-01
     3         22   8.722767545472e-01
     3         23   8.708851959555e-01
     3         24   8.688678517264e-01
     3         25   8.652211606329e-01
     3         26   8.589627614338e-01
     3         27   8.506367584719e-01
     3         28   8.399715107101e-01
     3         29   8.292706102169e-01
     3         30   8.258869646126e-01
     3         31   8.206343089310e-01
     3         32   8.126436418147e-01
     3         33   8.022756730241e-01
     3         34   7.948401633658e-01
     3         35   7.876685511876e-01
     3         36   7.655414566748e-01
     3         37   7.636562269672e-01
     3         38   7.604191903144e-01
     3         39   7.551041934681e-01
     3         40   7.485707340408e-01
     3         41   7.456708303008e-01
     3         42   7.426072001608e-01
     3         43   7.381307017000e-01
     3         44   7.355167939963e-01
     3         45   7.347446084791e-01
     3         46   7.343785720461e-01
     3         47   7.342799003511e-01
     3         48   7.342344049538e-01
     3         49   7.341980545004e-01
     3         50   7.341637626406e-01
     3         51   7.340984558676e-01
     3         52   7.339766874852e-01
     3         53   7.338076626999e-01
     3         54   7.336326171712e-01
     3         55   7.333181492620e-01
     3         56   7.327737509300e-01
     3         57   7.320015960909e-01
     3         58   7.316561328546e-01
     3         59   7.314535548611e-01
     3         60   7.298103175404e-01
     3         61   7.288629576670e-01
     3         62   7.276507923991e-01
     3         63   7.254083629481e-01
     3         64   7.212151140584e-01
     3         65   7.142948509731e-01
     3         66   7.081022737680e-01
     3         67   7.050186814923e-01
     3         68   6.998627510564e-01
     3         69   6.915556672665e-01
     3         70   6.822180543123e-01
     3         71   6.780964390115e-01
     3         72   6.746653862924e-01
     3         73   6.741364991598e-01
     3         74   6.739241095485e-01
     3         75   6.738636923864e-01
     3         76   6.738505311225e-01
     3         77   6.738333843767e-01
     3         78   6.738214556363e-01
     3         79   6.738197837493e-01
     3         80   6.738192906996e-01
     3         81   6.738191983215e-01
     3         82   6.738191611695e-01
     3         83   6.738191501646e-01
     3         84   6.738191459899e-01
     3         85   6.738191448344e-01

     4          0   7.900701096933e-01
     4          1   6.898378276208e-01
     4          2   6.811381444653e-01
     4          3   6.750858920898e-01
     4          4   6.741916405502e-01
     4          5   6.737523573866e-01
     4          6   6.736085986262e-01
     4          7   6.735763534692e-01
     4          8   6.735225719788e-01
     4          9   6.674637442511e-01
     4         10   6.674065966090e-01
     4         11   6.581599898993e-01
     4         12   6.489312284598e-01
     4         13   6.318056148866e-01
     4         14   5.997887203853e-01
     4         15   5.469838854340e-01
     4         16   5.284497106725e-01
     4         17   5.141426230099e-01
     4         18   5.113999230908e-01
     4         19   5.066157905748e-01
     4         20   5.007753113315e-01
     4         21   5.002371134990e-01
     4         22   5.000699761104e-01
     4         23   4.999523382041e-01
     4         24   4.999035906117e-01
     4         25   4.998737744641e-01
     4         26   4.998581682504e-01
     4         27   4.998476531603e-01
     4         28   4.998374915107e-01
     4         29   4.998288971690e-01
     4         30   4.998237483812e-01
     4         31   4.998216994762e-01
     4         32   4.998207767357e-01
     4         33   4.998202888797e-01
     4         34   4.998200857033e-01
     4         35   4.998199973508e-01
     4         36   4.998199503677e-01
     4         37   4.998199340064e-01
     4         38   4.998199291259e-01
     4         39   4.998199250200e-01
     4         40   4.998199186496e-01
     4         41   4.998199112937e-01
     4         42   4.998199082665e-01
     4         43   4.998199076503e-01

     5          0   9.096145709122e-01
     5          1   8.972370691510e-01
     5          2   8.827236086727e-01
     5          3   8.794668717757e-01
     5          4   8.769389040578e-01
     5          5   8.765618354485e-01
     5          6   8.759027371617e-01
     5          7   8.748015100086e-01
     5          8   8.732289987183e-01
     5          9   8.715281059231e-01
     5         10   8.687946077499e-01
     5         11   8.643394663640e-01
     5         12   8.567934258961e-01
     5         13   8.444931078907e-01
     5         14   8.255182067845e-01
     5         15   7.979205749892e-01
     5         16   7.638147961587e-01
     5         17   7.434204593337e-01
     5         18   7.314493887715e-01
     5         19   7.190166305801e-01
     5         20   7.034677471045e-01
     5         21   6.849560470707e-01
     5         22   6.690062315175e-01
     5         23   6.428218987344e-01
     5         24   6.196260656384e-01
     5         25   5.785381439935e-01
     5         26   5.164409888164e-01
     5         27   4.987477704665e-01
     5         28   4.903148289385e-01
     5         29   4.845255329344e-01
     5         30   4.755971092666e-01
     5         31   4.626666630733e-01
     5         32   4.506346036076e-01
     5         33   4.356236388557e-01
     5         34   4.111169437958e-01
     5         35   3.856752976134e-01
     5         36   3.668622255325e-01
     5         37   3.361427715132e-01
     5         38   2.929908044818e-01
     5         39   2.807652625892e-01
     5         40   2.644074097173e-01
     5         41   2.553623687723e-01
     5         42   2.432234738460e-01
     5         43   2.325140318057e-01
     5         44   2.204279599089e-01
     5         45   2.118038723154e-01
     5         46   2.010120531127e-01
     5         47   1.967388033450e-01
     5         48   1.922230417247e-01
     5         49   1.891564222391e-01
     5         50   1.869390617608e-01
     5         51   1.856658881022e-01
     5         52   1.847325716769e-01
     5         53   1.845072618449e-01
     5         54   1.844432251321e-01
     5         55   1.844135820122e-01
     5         56   1.844025965068e-01
     5         57   1.844006223197e-01
     5         58   1.843999883619e-01
     5         59   1.843998742285e-01
     5         60   1.843998176067e-01
     5         61   1.843998019312e-01
     5         62   1.843997936275e-01
     5         63   1.843997888975e-01
     5         64   1.843997881334e-01

     6          0   9.445619381304e-01
     6          1   9.274084657741e-01
     6          2   8.918301694598e-01
     6          3   8.721556576918e-01
     6          4   8.667918072710e-01
     6          5   8.565533742005e-01
     6          6   8.384604771536e-01
     6          7   8.155646089001e-01
     6          8   8.043583786113e-01
     6          9   8.008104462398e-01
     6         10   7.988612023301e-01
     6         11   7.978835439648e-01
     6         12   7.975981356856e-01
     6         13   7.974685543654e-01
     6         14   7.972352238123e-01
     6         15   7.968271071615e-01
     6         16   7.962054165075e-01
     6         17   7.956857420007e-01
     6         18   7.951350109872e-01
     6         19   7.941543200659e-01
     6         20   7.923295031814e-01
     6         21   7.887545369593e-01
     6         22   7.854964252162e-01
     6         23   7.795206138062e-01
     6         24   7.508171799730e-01
     6         25   7.397191095757e-01
     6         26   7.202120385522e-01
     6         27   6.937086733633e-01
     6         28   6.562306539931e-01
     6         29   6.171351770408e-01
     6         30   5.784562974981e-01
     6         31   5.605374783987e-01
     6         32   5.427932066202e-01
     6         33   5.336063737002e-01
     6         34   5.230438169875e-01
     6         35   5.165705822675e-01
     6         36   5.086490382010e-01
     6         37   4.966447436079e-01
     6         38   4.866659278037e-01
     6         39   4.810131441540e-01
     6         40   4.749835547703e-01
     6         41   4.692918942374e-01
     6         42   4.659368865620e-01
     6         43   4.619646412488e-01
     6         44   4.585181849561e-01
     6         45   4.567830667727e-01
     6         46   4.542145150790e-01
     6         47   4.513529430156e-01
     6         48   4.489817488192e-01
     6         49   4.467356229495e-01
     6         50   4.454979367070e-01
     6         51   4.450783319189e-01
     6         52   4.447534529098e-01
     6         53   4.444784550786e-01
     6         54   4.443135100255e-01
     6         55   4.441606947800e-01
     6         56   4.439198941345e-01
     6         57   4.435973240813e-01
     6         58   4.433929315485e-01
     6         59   4.432098037535e-01
     6         60   4.430890929735e-01
     6         61   4.429931881656e-01
     6         62   4.429038030420e-01
     6         63   4.427717531304e-01
     6         64   4.420241225377e-01
     6         65   4.406090108119e-01
     6         66   4.391492754865e-01
     6         67   4.388244061428e-01
     6         68   4.357440009045e-01
     6         69   4.301023702454e-01
     6         70   4.215457104003e-01
     6         71   4.121661725902e-01
     6         72   4.045385380293e-01
     6         73   3.916066326420e-01
     6         74   3.694411383299e-01
     6         75   3.396942898689e-01
     6         76   3.076953151015e-01
     6         77   2.614677870225e-01
     6         78   2.331020037501e-01
     6         79   2.116067352753e-01
     6         80   2.010712595841e-01
     6         81   1.975368016043e-01
     6         82   1.938152681992e-01
     6         83   1.902275499516e-01
     6         84   1.874679276312e-01
     6         85   1.857109384354e-01
     6         86   1.847077755344e-01
     6         87   1.841812466988e-01
     6         88   1.839504205955e-01
     6         89   1.836158941264e-01
     6         90   1.832941419222e-01
     6         91   1.828154970201e-01
     6         92   1.801874505980e-01
     6         93   1.798512888569e-01
     6         94   1.778588954229e-01
     6         95   1.630751635261e-01
     6         96   1.429031449405e-01
     6         97   1.257640150300e-01
     6         98   1.159014103790e-01
     6         99   9.958208330174e-02
     6        100   7.792637997743e-02
     6        101   6.599902729770e-02
     6        102   5.500436968434e-02
     6        103   4.985749505879e-02
     6        104   4.192111799215e-02
     6        105   3.488652976676e-02
     6        106   3.145277248049e-02
     6        107   2.696724394318e-02
     6        108   2.543309470275e-02
     6        109   2.350520176245e-02
     6        110   2.271198757881e-02
     6        111   2.234833303953e-02
     6        112   2.228243967519e-02
     6        113   2.220092185032e-02
     6        114   2.217412456771e-02
     6        115   2.215113089795e-02
     6        116   2.213546990577e-02
     6        117   2.212296628189e-02
     6        118   2.211137898438e-02
     6        119   2.210339119535e-02
     6        120   2.210101107266e-02
     6        121   2.210042853363e-02
     6        122   2.210004082759e-02
     6        123   2.209946951509e-02
     6        124   2.209885680023e-02
     6        125   2.209828246515e-02
     6        126   2.209793707979e-02
     6        127   2.209784210704e-02
     6        128   2.209782553125e-02
     6        129   2.209781887928e-02
     6        130   2.209781020453e-02
     6        131   2.209780570785e-02
     6        132   2.209780372881e-02
     6        133   2.209780319752e-02

     7          0   1.528899336439e-01
     7          1   8.044342825013e-02
     7          2   3.710877709775e-02
     7          3   3.021202680148e-02
     7          4   2.461329207897e-02
     7          5   2.322309493899e-02
     7          6   2.270317334432e-02
     7          7   2.246932399848e-02
     7          8   2.225096879347e-02
     7          9   2.215956799440e-02
     7         10   2.214077307751e-02
     7         11   2.210704913349e-02
     7         12   2.205256963627e-02
     7         13   2.196844045466e-02
     7         14   2.188383353582e-02
     7         15   2.183706901415e-02
     7         16   2.179777634691e-02
     7         17   2.175233296325e-02
     7         18   2.173981557488e-02
     7         19   2.173196392908e-02
     7         20   2.171883856435e-02
     7         21   2.169973626527e-02
     7         22   2.166976903209e-02
     7         23   2.161910500690e-02
     7         24   2.153222511890e-02
     7         25   2.139916204234e-02
     7         26   2.121327920562e-02
     7         27   2.088820502217e-02
     7         28   2.033475222796e-02
     7         29   1.962351428353e-02
     7         30   1.937922917080e-02
     7         31   1.898222801639e-02
     7         32   1.836875626934e-02
     7         33   1.741700390885e-02
     7         34   1.601823839160e-02
     7         35   1.469199830149e-02
     7         36   1.406428256187e-02
     7         37   1.306930682707e-02
     7         38   1.169165164758e-02
     7         39   1.073943084221e-02
     7         40   9.203650043303e-03
     7         41   7.046691687697e-03
     7         42   5.662783623112e-03
     7         43   5.159589147280e-03
     7         44   4.711818195158e-03
     7         45   4.485025727443e-03
     7         46   4.123098391504e-03
     7         47   3.543407214369e-03
     7         48   2.770100825512e-03
     7         49   2.345838850823e-03
     7         50   1.939341876466e-03
     7         51   1.780173225342e-03
     7         52   1.683210980584e-03
     7         53   1.584738638881e-03
     7         54   1.476223041569e-03
     7         55   1.371609912496e-03
     7         56   1.259157569264e-03
     7         57   1.185700507872e-03
     7         58   1.122652849997e-03
     7         59   1.080253938045e-03
     7         60   1.052035089454e-03
     7         61   1.024728309251e-03
     7         62   9.944408315485e-04
     7         63   9.809649726381e-04
     7         64   9.646527955894e-04
     7         65   9.465113222764e-04
     7         66   9.336933855593e-04
     7         67   9.267729434709e-04
     7         68   9.226214916336e-04
     7         69   9.192760724385e-04
     7         70   9.164157577675e-04
     7         71   9.141509750296e-04
     7         72   9.123719055814e-04
     7         73   9.107753016397e-04
     7         74   9.093965082938e-04
     7         75   9.082333049888e-04
     7         76   9.073495226772e-04
     7         77   9.068305109503e-04
     7         78   9.065218681550e-04
     7         79   9.062933681725e-04
     7         80   9.060452623473e-04
     7         81   9.057097869817e-04
     7         82   9.052066272184e-04
     7         83   9.045810502579e-04
     7         84   9.040709482057e-04
     7         85   9.038435191338e-04
     7         86   9.037924068697e-04
     7         87   9.037832873254e-04
     7         88   9.037792507800e-04
     7         89   9.037745345691e-04
     7         90   9.037666770572e-04
     7         91   9.037529405007e-04
     7         92   9.037285095311e-04
     7         93   9.036855660486e-04
     7         94   9.036134580200e-04
     7         95   9.035060897402e-04
     7         96   9.034149672752e-04
     7         97   9.033587398178e-04
     7         98   9.033379295563e-04
     7         99   9.033349490997e-04
     7        100   9.033342482050e-04

     8          0   9.406598914738e-01
     8          1   9.192657322996e-01
     8          2   8.900124982882e-01
     8          3   8.842748838251e-01
     8          4   8.806146465996e-01
     8          5   8.753642593017e-01
     8          6   8.707496909635e-01
     8          7   8.669118450204e-01
     8          8   8.597500497712e-01
     8          9   8.472480887620e-01
     8         10   8.354088530235e-01
     8         11   8.164388137315e-01
     8         12   7.871191783124e-01
     8         13   7.720990053164e-01
     8         14   7.525694094482e-01
     8         15   7.391121637389e-01
     8         16   7.204214074128e-01
     8         17   6.892655526995e-01
     8         18   6.376759936206e-01
     8         19   5.971085749184e-01
     8         20   5.566632888443e-01
     8         21   5.263990172895e-01
     8         22   4.881714949064e-01
     8         23   4.523726828859e-01
     8         24   4.299661122427e-01
     8         25   3.993737406755e-01
     8         26   3.660963600168e-01
     8         27   3.319684057172e-01
     8         28   2.726574915099e-01
     8         29   2.350794287878e-01
     8         30   1.886845776734e-01
     8         31   1.354597783388e-01
     8         32   1.121161510081e-01
     8         33   7.863522735716e-02
     8         34   6.693559882160e-02
     8         35   4.967962680020e-02
     8         36   4.002554139379e-02
     8         37   3.107072923539e-02
     8         38   2.812219653877e-02
     8         39   2.374106018695e-02
     8         40   1.897010967882e-02
     8         41   1.714294265684e-02
     8         42   1.520035581640e-02
     8         43   1.330206924184e-02
     8         44   1.224014344788e-02
     8         45   1.130355003413e-02
     8         46   1.060010684481e-02
     8         47   1.023220191702e-02
     8         48   9.857198508148e-03
     8         49   9.464518531489e-03
     8         50   8.904893455215e-03
     8         51   8.348180960977e-03
     8         52   7.687233690754e-03
     8         53   6.961454338408e-03
     8         54   6.130890288746e-03
     8         55   5.511563986427e-03
     8         56   4.899248544425e-03
     8         57   4.533308950374e-03
     8         58   4.036941795696e-03
     8         59   3.641206400788e-03
     8         60   3.233226953724e-03
     8         61   2.898286360954e-03
     8         62   2.605250512027e-03
     8         63   2.319762175026e-03
     8         64   2.050083778828e-03
     8         65   1.688691285591e-03
     8         66   1.547284965867e-03
     8         67   1.440657951418e-03
     8         68   1.363250155435e-03
     8         69   1.303974973486e-03
     8         70   1.262835935692e-03
     8         71   1.228372684379e-03
     8         72   1.180582548288e-03
     8         73   1.140891683707e-03
     8         74   1.112456175698e-03
     8         75   1.091016761093e-03
     8         76   1.071408749102e-03
     8         77   1.057995357656e-03
     8         78   1.041086847047e-03
     8         79   1.017634952289e-03
     8         80   9.902772942718e-04
     8         81   9.724490907363e-04
     8         82   9.627015737758e-04
     8         83   9.531027772567e-04
     8         84   9.410287161264e-04
     8         85   9.256321029111e-04
     8         86   9.097462024872e-04
     8         87   8.948885235418e-04
     8         88   8.818846130987e-04
     8         89   8.710716903042e-04
     8         90   8.659576494469e-04
     8         91   8.615782496392e-04
     8         92   8.576569299595e-04
     8         93   8.517482516684e-04
     8         94   8.438551703881e-04
     8         95   8.351788821603e-04
     8         96   8.285672905411e-04
     8         97   8.251934382809e-04
     8         98   8.230343951552e-04
     8         99   8.201270855309e-04
     8        100   8.154777406024e-04
     8        101   8.091991835883e-04
     8        102   7.998047641951e-04
     8        103   7.892484240608e-04
     8        104   7.846662546378e-04
     8        105   7.826941747507e-04
     8        106   7.803091700030e-04
     8        107   7.784320135875e-04
     8        108   7.761256099502e-04
     8        109   7.738024127767e-04
     8        110   7.723070687612e-04
     8        111   7.709333731266e-04
     8        112   7.702356117499e-04
     8        113   7.694916464287e-04
     8        114   7.682533978891e-04
     8        115   7.661386632978e-04
     8        116   7.625332813381e-04
     8        117   7.566977491983e-04
     8        118   7.499472415947e-04
     8        119   7.465213380259e-04
     8        120   7.442343806636e-04
     8        121   7.436656355116e-04
     8        122   7.433187295962e-04
     8        123   7.427396222280e-04
     8        124   7.417366040261e-04
     8        125   7.399733777561e-04
     8        126   7.368636497648e-04
     8        127   7.314217547423e-04
     8        128   7.222112617931e-04
     8        129   7.086819039839e-04
     8        130   6.943932291711e-04
     8        131   6.724676823445e-04
     8        132   6.619345208924e-04
     8        133   6.443183304397e-04
     8        134   6.243716626144e-04
     8        135   5.982638377747e-04
     8        136   5.824040638970e-04
     8        137   5.692261281307e-04
     8        138   5.605809136966e-04
     8        139   5.477608175133e-04
     8        140   5.285514571838e-04
     8        141   5.182134913939e-04
     8        142   5.139420195738e-04
     8        143   5.060913234566e-04
     8        144   4.919332288822e-04
     8        145   4.704792557607e-04
     8        146   4.416405774019e-04
     8        147   4.293424840666e-04
     8        148   4.180303396524e-04
     8        149   4.068096479696e-04
     8        150   3.946073396773e-04
     8        151   3.775051560373e-04
     8        152   3.573917355704e-04
     8        153   3.411946318357e-04
     8        154   3.333890477495e-04
     8        155   3.205713464851e-04
     8        156   3.045153322039e-04
     8        157   2.973688933535e-04
     8        158   2.882452218497e-04
     8        159   2.795221524200e-04
     8        160   2.723240772678e-04
     8        161   2.678362632551e-04
     8        162   2.628150908675e-04
     8        163   2.595057924425e-04
     8        164   2.563387751440e-04
     8        165   2.543473798123e-04
     8        166   2.518666183937e-04
     8        167   2.493768091384e-04
     8        168   2.462148878840e-04
     8        169   2.440590754724e-04
     8        170   2.416853564187e-04
     8        171   2.405231361595e-04
     8        172   2.396251051101e-04
     8        173   2.390974456347e-04
     8        174   2.381995233091e-04
     8        175   2.367269661309e-04
     8        176   2.346863579760e-04
     8        177   2.330955844694e-04
     8        178   2.310862353224e-04
     8        179   2.290606134711e-04
     8        180   2.277480358689e-04
     8        181   2.270321449646e-04
     8        182   2.262286163577e-04
     8        183   2.253904966599e-04
     8        184   2.248876298850e-04
     8        185   2.242204094780e-04
     8        186   2.233719861118e-04
     8        187   2.221117884770e-04
     8        188   2.209415823845e-04
     8        189   2.201933722403e-04
     8        190   2.196237167987e-04
     8        191   2.190482474709e-04
     8        192   2.184311321102e-04
     8        193   2.177238629351e-04
     8        194   2.173184848047e-04
     8        195   2.171229790348e-04
     8        196   2.169422617422e-04
     8        197   2.166552536784e-04
     8        198   2.161855449344e-04
     8        199   2.154182063832e-04
     8        200   2.142269827149e-04
     8        201   2.127233005931e-04
     8        202   2.114277346001e-04
     8        203   2.106318412213e-04
     8        204   2.099754980395e-04
     8        205   2.096514878910e-04
     8        206   2.093432606753e-04
     8        207   2.091712353106e-04
     8        208   2.088910784128e-04
     8        209   2.084556215083e-04
     8        210   2.079231169051e-04
     8        211   2.073903795485e-04
     8        212   2.068210178462e-04
     8        213   2.063749715532e-04
     8        214   2.060385064013e-04
     8        215   2.055432587937e-04
     8        216   2.049859781613e-04
     8        217   2.047054530059e-04
     8        218   2.044582232696e-04
     8        219   2.042823868829e-04
     8        220   2.041757441685e-04
     8        221   2.040145683049e-04
     8        222   2.038266980788e-04
     8        223   2.036684957004e-04
     8        224   2.035601910285e-04
     8        225   2.034980532176e-04
     8        226   2.034223815111e-04
     8        227   2.032951016498e-04
     8        228   2.030726888198e-04
     8        229   2.026902263963e-04
     8        230   2.021097523169e-04
     8        231   2.016342851243e-04
     8        232   2.013818202903e-04
     8        233   2.012685272758e-04
     8        234   2.012290725364e-04
     8        235   2.012099588781e-04
     8        236   2.011996892612e-04
     8        237   2.011913093898e-04
     8        238   2.011799193903e-04
     8        239   2.011685859287e-04
     8        240   2.011478622868e-04
     8        241   2.011097605894e-04
     8        242   2.010414797394e-04
     8        243   2.009276600333e-04
     8        244   2.007752747940e-04
     8        245   2.006948095091e-04
     8        246   2.006191870447e-04
     8        247   2.005962412684e-04
     8        248   2.005899273760e-04
     8        249   2.005859815200e-04
     8        250   2.005811400728e-04
     8        251   2.005735736162e-04
     8        252   2.005610949780e-04
     8        253   2.005394561635e-04
     8        254   2.005011648292e-04
     8        255   2.004330975580e-04
     8        256   2.003137142775e-04
     8        257   2.001175673836e-04
     8        258   1.998539801217e-04
     8        259   1.996710442094e-04
     8        260   1.995603074829e-04
     8        261   1.995355701443e-04
     8        262   1.994967520653e-04
     8        263   1.994729307679e-04
     8        264   1.994700981514e-04
     8        265   1.994684513213e-04
     8        266   1.994682350113e-04

     9          0   1.219947287320e-01
     9          1   1.726668054076e-02
     9          2   1.054275416284e-02
     9          3   2.552544578108e-03
     9          4   1.077107672547e-03
     9          5   7.442666792369e-04
     9          6   6.288072443398e-04
     9          7   4.839476016929e-04
     9          8   4.391742786328e-04
     9          9   3.798770234059e-04
     9         10   3.145327170995e-04
     9         11   2.799446836577e-04
     9         12   2.651250211383e-04
     9         13   2.592373899495e-04
     9         14   2.521071340431e-04
     9         15   2.502425486582e-04
     9         16   2.483015380684e-04
     9         17   2.462022662590e-04
     9         18   2.439251604082e-04
     9         19   2.413538752429e-04
     9         20   2.379906419364e-04
     9         21   2.339059745279e-04
     9         22   2.279983362883e-04
     9         23   2.196678352511e-04
     9         24   2.112211427387e-04
     9         25   2.062767013907e-04
     9         26   2.038827137867e-04
     9         27   2.029838622434e-04
     9         28   2.026475684636e-04
     9         29   2.024916779533e-04
     9         30   2.023116939108e-04
     9         31   2.020281045079e-04
     9         32   2.016196043918e-04
     9         33   2.013299526701e-04
     9         34   2.012178988742e-04
     9         35   2.011915281750e-04
     9         36   2.011762625495e-04
     9         37   2.011559069200e-04
     9         38   2.011316162905e-04
     9         39   2.011049430286e-04
     9         40   2.010752565900e-04
     9         41   2.010338044266e-04
     9         42   2.009694459213e-04
     9         43   2.008737235757e-04
     9         44   2.007741664252e-04
     9         45   2.007119407401e-04
     9         46   2.006849560903e-04
     9         47   2.006652758806e-04
     9         48   2.006326793464e-04
     9         49   2.005768493148e-04
     9         50   2.004821237271e-04
     9         51   2.003339037046e-04
     9         52   2.001779163825e-04
     9         53   2.000973777680e-04
     9         54   2.000540332108e-04
     9         55   2.000429846831e-04
     9         56   2.000341722332e-04
     9         57   2.000259877089e-04
     9         58   2.000180448877e-04
     9         59   2.000097403735e-04
     9         60   1.999976661754e-04
     9         61   1.999785815520e-04
     9         62   1.999479750191e-04
     9         63   1.998993904283e-04
     9         64   1.998266476605e-04
     9         65   1.997522923586e-04
     9         66   1.997031108769e-04
     9         67   1.996875710211e-04
     9         68   1.996849358977e-04
     9         69   1.996838465018e-04
     9         70   1.996820421942e-04
     9         71   1.996789245753e-04
     9         72   1.996733834250e-04
     9         73   1.996635470476e-04
     9         74   1.996464673734e-04
     9         75   1.996184594981e-04
     9         76   1.995796627705e-04
     9         77   1.995541649361e-04
     9         78   1.995361425048e-04
     9         79   1.995331126673e-04

    10          0   1.804161973348e-01
    10          1   3.917427972270e-02
    10          2   3.354235515316e-02
    10          3   2.357396382652e-02
    10          4   1.350343345623e-02
    10          5   4.266573468965e-03
    10          6   2.199713709631e-03
    10          7   1.058807406987e-03
    10          8   5.571650993993e-04
    10          9   3.417984397553e-04
    10         10   2.933411677841e-04
    10         11   2.624374047913e-04
    10         12   2.464245387439e-04
    10         13   2.386063250235e-04
    10         14   2.289994165784e-04
    10         15   2.268671333101e-04
    10         16   2.245726512493e-04
    10         17   2.237778204119e-04
    10         18   2.226959259278e-04
    10         19   2.223467530772e-04
    10         20   2.217186619334e-04
    10         21   2.206077047302e-04
    10         22   2.188363918779e-04
    10         23   2.165612469648e-04
    10         24   2.140724576338e-04
    10         25   2.112742539214e-04
    10         26   2.083931618679e-04
    10         27   2.072523963144e-04
    10         28   2.064067980956e-04
    10         29   2.056712649241e-04
    10         30   2.054124996980e-04
    10         31   2.052321989902e-04
    10         32   2.049922516570e-04
    10         33   2.046046328331e-04
    10         34   2.040213644661e-04
    10         35   2.034731647871e-04
    10         36   2.031145264004e-04
    10         37   2.028441083404e-04
    10         38   2.026593424546e-04
    10         39   2.025392217222e-04
    10         40   2.024816567063e-04
    10         41   2.024429969707e-04
    10         42   2.023863615506e-04
    10         43   2.022931136705e-04
    10         44   2.021401891790e-04
    10         45   2.019102735134e-04
    10         46   2.016987571141e-04
    10         47   2.015650906158e-04
    10         48   2.014825172413e-04
    10         49   2.014293673785e-04
    10         50   2.013557657631e-04
    10         51   2.012373227384e-04
    10         52   2.010446028891e-04
    10         53   2.007448968453e-04
    10         54   2.003957758236e-04
    10         55   2.001925706970e-04
    10         56   2.001128258966e-04
    10         57   2.000914582189e-04
    10         58   2.000799111873e-04
    10         59   2.000652299193e-04
    10         60   2.000404006792e-04
    10         61   1.999976537422e-04
    10         62   1.999270101422e-04
    10         63   1.998295182107e-04
    10         64   1.997804167061e-04
    10         65   1.997596663833e-04
    10         66   1.997556169654e-04
    10         67   1.997539752412e-04
    10         68   1.997512223071e-04
    10         69   1.997464533150e-04
    10         70   1.997379729221e-04
    10         71   1.997229017643e-04
    10         72   1.996964101406e-04
    10         73   1.996509916915e-04
    10         74   1.995762474778e-04
    10         75   1.994636713630e-04
    10         76   1.993536314874e-04
    10         77   1.992818283572e-04
    10         78   1.992496738620e-04
    10         79   1.992446403369e-04
    10         80   1.992429710848e-04
    10         81   1.992403620551e-04
    10         82   1.992361747476e-04
    10         83   1.992292494621e-04
    10         84   1.992175786060e-04
    10         85   1.991982834915e-04
    10         86   1.991689706438e-04
    10         87   1.991413063080e-04
    10         88   1.991272048550e-04
    10         89   1.991227144228e-04
    10         90   1.991219493475e-04

    11          0   9.951941531824e-01
    11          1   8.989922403389e-01
    11          2   8.898350748564e-01
    11          3   8.330389804547e-01
    11          4   8.136636519925e-01
    11          5   7.828950740708e-01
    11          6   7.527336201089e-01
    11          7   7.374308810052e-01
    11          8   7.118290600826e-01
    11          9   6.775497130189e-01
    11         10   6.373733367546e-01
    11         11   5.929890555995e-01
    11         12   5.238154917203e-01
    11         13   4.398007004506e-01
    11         14   3.934637183865e-01
    11         15   3.580375686352e-01
    11         16   3.166304700398e-01
    11         17   2.759071148120e-01
    11         18   2.428798143677e-01
    11         19   2.082543418085e-01
    11         20   1.850303979848e-01
    11         21   1.591581821070e-01
    11         22   1.429064098107e-01
    11         23   1.193750461241e-01
    11         24   9.168548488132e-02
    11         25   8.133540770027e-02
    11         26   6.868417015814e-02
    11         27   5.709509275715e-02
    11         28   4.792253133969e-02
    11         29   3.967858208228e-02
    11         30   3.563665518951e-02
    11         31   3.094469611740e-02
    11         32   2.835492104391e-02
    11         33   2.490571942616e-02
    11         34   2.306364208431e-02
    11         35   2.208744493058e-02
    11         36   2.134724008553e-02
    11         37   2.066383654638e-02
    11         38   2.001635352167e-02
    11         39   1.924061979001e-02
    11         40   1.793445138046e-02
    11         41   1.584529863367e-02
    11         42   1.400023638277e-02
    11         43   1.195727484647e-02
    11         44   1.010008413954e-02
    11         45   9.276453808230e-03
    11         46   8.222542483311e-03
    11         47   7.527377972063e-03
    11         48   6.782711379047e-03
    11         49   5.797634127363e-03
    11         50   5.227041797106e-03
    11         51   4.685932955852e-03
    11         52   4.044224404564e-03
    11         53   3.410953110068e-03
    11         54   3.009772712974e-03
    11         55   2.669476011298e-03
    11         56   2.387839888002e-03
    11         57   2.182910244239e-03
    11         58   1.994031869246e-03
    11         59   1.884528630043e-03
    11         60   1.803034855991e-03
    11         61   1.669434021374e-03
    11         62   1.459789929453e-03
    11         63   1.267403144771e-03
    11         64   1.198465967584e-03
    11         65   1.146712795378e-03
    11         66   1.118498299792e-03
    11         67   1.094525112653e-03
    11         68   1.078447591517e-03
    11         69   1.055455060280e-03
    11         70   1.033717592888e-03
    11         71   1.017061945684e-03
    11         72   1.006648712998e-03
    11         73   9.981110480153e-04
    11         74   9.907283466757e-04
    11         75   9.833614119799e-04
    11         76   9.789393310118e-04
    11         77   9.744622297293e-04
    11         78   9.699674842131e-04
    11         79   9.640389073695e-04
    11         80   9.571053806630e-04
    11         81   9.496480238909e-04
    11         82   9.418730710542e-04
    11         83   9.338652911134e-04
    11         84   9.267329870588e-04
    11         85   9.211177524158e-04
    11         86   9.168758613829e-04
    11         87   9.132761185984e-04
    11         88   9.102373971692e-04
    11         89   9.083420085645e-04
    11         90   9.071217672052e-04
    11         91   9.058987963236e-04
    11         92   9.040149992433e-04
    11         93   9.011280612294e-04
    11         94   8.975956280380e-04
    11         95   8.949459643314e-04
    11         96   8.933863117556e-04
    11         97   8.924864795483e-04
    11         98   8.918011362619e-04
    11         99   8.911326802794e-04
    11        100   8.905297359584e-04
    11        101   8.899879011409e-04
    11        102   8.894811827369e-04
    11        103   8.889221662706e-04
    11        104   8.880998333788e-04
    11        105   8.868134993065e-04
    11        106   8.848624508272e-04
    11        107   8.827078303389e-04
    11        108   8.813766036526e-04
    11        109   8.809485565950e-04
    11        110   8.808513240663e-04
    11        111   8.807734104177e-04
    11        112   8.806404946634e-04
    11        113   8.804046398569e-04
    11        114   8.799925141375e-04
    11        115   8.793272095318e-04
    11        116   8.785640795663e-04
    11        117   8.782902214872e-04
    11        118   8.781475114986e-04
    11        119   8.780638979082e-04
    11        120   8.779364778415e-04
    11        121   8.777202138199e-04
    11        122   8.773491199833e-04
    11        123   8.767439276834e-04
    11        124   8.759302505975e-04
    11        125   8.755231761041e-04
    11        126   8.752820451221e-04
    11        127   8.752004980681e-04
    11        128   8.751451399999e-04
    11        129   8.750569664357e-04
    11        130   8.749106246642e-04
    11        131   8.746715657114e-04
    11        132   8.743224221720e-04
    11        133   8.740428632299e-04
    11        134   8.738873245246e-04
    11        135   8.736755186507e-04
    11        136   8.734383202230e-04
    11        137   8.730582059319e-04
    11        138   8.723938532951e-04
    11        139   8.711946961504e-04
    11        140   8.690515605013e-04
    11        141   8.655019647137e-04
    11        142   8.609340107799e-04
    11        143   8.581998184242e-04
    11        144   8.567175184608e-04
    11        145   8.545747022768e-04
    11        146   8.535431932291e-04
    11        147   8.532088338399e-04
    11        148   8.529303662397e-04
    11        149   8.527833740533e-04
    11        150   8.527320315056e-04
    11        151   8.526931191501e-04
    11        152   8.526434098978e-04
    11        153   8.525618953050e-04
    11        154   8.524278164979e-04
    11        155   8.522100518162e-04
    11        156   8.518647754792e-04
    11        157   8.513692860614e-04
    11        158   8.507808176660e-04
    11        159   8.504055173850e-04
    11        160   8.497926017881e-04
    11        161   8.487755026197e-04
    11        162   8.471403566491e-04
    11        163   8.452118914439e-04
    11        164   8.433080790243e-04
    11        165   8.413609804157e-04
    11        166   8.396617024440e-04
    11        167   8.385750165804e-04
    11        168   8.377982099190e-04
    11        169   8.373199973639e-04
    11        170   8.368893143456e-04
    11        171   8.366288796789e-04
    11        172   8.363887740995e-04
    11        173   8.360118463935e-04
    11        174   8.353910055608e-04
    11        175   8.343867182328e-04
    11        176   8.328849039557e-04
    11        177   8.310593707693e-04
    11        178   8.290800494467e-04
    11        179   8.272075362123e-04
    11        180   8.261690037068e-04
    11        181   8.255512248507e-04
    11        182   8.252041157687e-04
    11        183   8.248146660916e-04
    11        184   8.241718557952e-04
    11        185   8.231136071148e-04
    11        186   8.213732739639e-04
    11        187   8.187174060342e-04
    11        188   8.149629431078e-04
    11        189   8.102471815823e-04
    11        190   8.027508757523e-04
    11        191   7.967439981283e-04
    11        192   7.877868889570e-04
    11        193   7.826168125098e-04
    11        194   7.765767005173e-04
    11        195   7.736227672939e-04
    11        196   7.721154951963e-04
    11        197   7.697534796620e-04
    11        198   7.670348211586e-04
    11        199   7.652189269001e-04
    11        200   7.624609153112e-04
    11        201   7.582912347097e-04
    11        202   7.533707822489e-04
    11        203   7.462079216013e-04
    11        204   7.346068461226e-04
    11        205   7.159758960990e-04
    11        206   7.063634721811e-04
    11        207   6.908023652378e-04
    11        208   6.735721895288e-04
    11        209   6.523286511876e-04
    11        210   6.444388941642e-04
    11        211   6.364694113672e-04
    11        212   6.262258515051e-04
    11        213   6.186732310118e-04
    11        214   6.104982580035e-04
    11        215   6.023797799386e-04
    11        216   5.985920369662e-04
    11        217   5.928980280834e-04
    11        218   5.860659954453e-04
    11        219   5.792350061908e-04
    11        220   5.685711311334e-04
    11        221   5.533882029599e-04
    11        222   5.460780545772e-04
    11        223   5.366597205905e-04
    11        224   5.280285073832e-04
    11        225   5.162270012843e-04
    11        226   5.089366012734e-04
    11        227   4.980457438362e-04
    11        228   4.873808593837e-04
    11        229   4.833449426556e-04
    11        230   4.807232867625e-04
    11        231   4.766238692159e-04
    11        232   4.711172327810e-04
    11        233   4.671275525092e-04
    11        234   4.617887875723e-04
    11        235   4.555718057696e-04
    11        236   4.490271417198e-04
    11        237   4.438967766321e-04
    11        238   4.421894360698e-04
    11        239   4.391906960529e-04
    11        240   4.342466686532e-04
    11        241   4.280691887857e-04
    11        242   4.247279810603e-04
    11        243   4.198707354541e-04
    11        244   4.137731757564e-04
    11        245   4.108594119052e-04
    11        246   4.064264228165e-04
    11        247   3.998799843425e-04
    11        248   3.912936405057e-04
    11        249   3.819505399401e-04
    11        250   3.719039008990e-04
    11        251   3.606113882921e-04
    11        252   3.534222455659e-04
    11        253   3.413752560675e-04
    11        254   3.352743028142e-04
    11        255   3.258951895592e-04
    11        256   3.131169561044e-04
    11        257   2.991281382281e-04
    11        258   2.827481871926e-04
    11        259   2.779365059650e-04
    11        260   2.710665282367e-04
    11        261   2.683019474907e-04
    11        262   2.643298970199e-04
    11        263   2.599346635299e-04
    11        264   2.553188120215e-04
    11        265   2.494923461326e-04
    11        266   2.459247696865e-04
    11        267   2.428251295002e-04
    11        268   2.386955306583e-04
    11        269   2.334512239059e-04
    11        270   2.288424429119e-04
    11        271   2.240270208982e-04
    11        272   2.216538876312e-04
    11        273   2.180967788626e-04
    11        274   2.149705919373e-04
    11        275   2.134045191476e-04
    11        276   2.121482126924e-04
    11        277   2.110319151410e-04
    11        278   2.108397109543e-04
    11        279   2.104809080014e-04
    11        280   2.098462032930e-04
    11        281   2.089197506127e-04
    11        282   2.084485906199e-04
    11        283   2.081638475357e-04
    11        284   2.076799800479e-04
    11        285   2.069016450438e-04
    11        286   2.059036815015e-04
    11        287   2.052446698069e-04
    11        288   2.044911890835e-04
    11        289   2.039531995269e-04
    11        290   2.034548528080e-04
    11        291   2.026625303694e-04
    11        292   2.016253182785e-04
    11        293   2.011690242317e-04
    11        294   2.009239495524e-04
    11        295   2.007633986011e-04
    11        296   2.005750365897e-04
    11        297   2.002858261124e-04
    11        298   1.999134615782e-04
    11        299   1.994183401314e-04
    11        300   1.986387725016e-04
    11        301   1.975055840404e-04
    11        302   1.965660333301e-04
    11        303   1.960784100495e-04
    11        304   1.954162691058e-04
    11        305   1.949144382865e-04
    11        306   1.947240149883e-04
    11        307   1.945729218344e-04
    11        308   1.944192113862e-04
    11        309   1.942843262301e-04
    11        310   1.940792550831e-04
    11        311   1.938244662932e-04
    11        312   1.935719183281e-04
    11        313   1.932896300388e-04
    11        314   1.930633228179e-04
    11        315   1.928669142944e-04
    11        316   1.925568747282e-04
    11        317   1.920417492625e-04
    11        318   1.912324876986e-04
    11        319   1.902184049593e-04
    11        320   1.893795509891e-04
    11        321   1.880841579230e-04
    11        322   1.864856635140e-04
    11        323   1.854813382859e-04
    11        324   1.848734782638e-04
    11        325   1.843743857273e-04
    11        326   1.841281957208e-04
    11        327   1.839833320599e-04
    11        328   1.838316631000e-04
    11        329   1.837182481467e-04
    11        330   1.835917544659e-04
    11        331   1.834127930193e-04
    11        332   1.831255499860e-04
    11        333   1.826929380241e-04
    11        334   1.821924000032e-04
    11        335   1.817773978655e-04
    11        336   1.816081794894e-04
    11        337   1.813644624313e-04
    11        338   1.811621143184e-04
    11        339   1.809862196560e-04
    11        340   1.807216562938e-04
    11        341   1.803939786547e-04
    11        342   1.801849854601e-04
    11        343   1.800376778514e-04
    11        344   1.799802327320e-04
    11        345   1.799352423794e-04
    11        346   1.798831874491e-04
    11        347   1.798023492366e-04
    11        348   1.796995575793e-04
    11        349   1.796122533176e-04
    11        350   1.794942558899e-04
    11        351   1.793482655696e-04
    11        352   1.791162746372e-04
    11        353   1.787636880404e-04
    11        354   1.783486632835e-04
    11        355   1.779246480308e-04
    11        356   1.775134200261e-04
    11        357   1.771460904209e-04
    11        358   1.769229137600e-04
    11        359   1.765692214032e-04
    11        360   1.760507023784e-04
    11        361   1.754356276638e-04
    11        362   1.748708939548e-04
    11        363   1.742407775086e-04
    11        364   1.738044545376e-04
    11        365   1.732698443387e-04
    11        366   1.728286039310e-04
    11        367   1.725197726286e-04
    11        368   1.722568751529e-04
    11        369   1.721473385081e-04
    11        370   1.720559458549e-04
    11        371   1.720330452958e-04
    11        372   1.720146773414e-04
    11        373   1.720009655155e-04
    11        374   1.719942747747e-04
    11        375   1.719892440777e-04
    11        376   1.719843336164e-04
    11        377   1.719770622388e-04
    11        378   1.719656311030e-04
    11        379   1.719476782068e-04
    11        380   1.719232272620e-04
    11        381   1.719046860638e-04
    11        382   1.718909119152e-04
    11        383   1.718844074284e-04
    11        384   1.718823260637e-04
    11        385   1.718808379658e-04
    11        386   1.718783592676e-04
    11        387   1.718740376233e-04
    11        388   1.718664077801e-04
    11        389   1.718528314093e-04
    11        390   1.718288788405e-04
    11        391   1.717873721967e-04
    11        392   1.717174685143e-04
    11        393   1.716051576378e-04
    11        394   1.714441093777e-04
    11        395   1.712697994176e-04
    11        396   1.711082231702e-04
    11        397   1.710207097753e-04
    11        398   1.709259453188e-04
    11        399   1.707705176844e-04
    11        400   1.705965931055e-04
    11        401   1.704537732087e-04
    11        402   1.703813237975e-04
    11        403   1.702752213809e-04
    11        404   1.701153297643e-04
    11        405   1.699237021734e-04
    11        406   1.697840413257e-04
    11        407   1.695692194857e-04
    11        408   1.692938393725e-04
    11        409   1.691837787370e-04
    11        410   1.691715657210e-04
    11        411   1.691485442027e-04
    11        412   1.691064090613e-04
    11        413   1.690360943359e-04
    11        414   1.689624263254e-04
    11        415   1.689377032575e-04
    11        416   1.688999758888e-04
    11        417   1.688761708167e-04
    11        418   1.688705636849e-04
    11        419   1.688652983806e-04
    11        420   1.688628683070e-04
    11        421   1.688590841357e-04
    11        422   1.688530446237e-04
    11        423   1.688436243467e-04
    11        424   1.688292805911e-04
    11        425   1.688093114572e-04
    11        426   1.687786957656e-04
    11        427   1.687356719681e-04
    11        428   1.686825621121e-04
    11        429   1.686281152519e-04
    11        430   1.686008435500e-04
    11        431   1.685894623868e-04
    11        432   1.685819141816e-04
    11        433   1.685751311109e-04
    11        434   1.685736383559e-04
    11        435   1.685729648397e-04
    11        436   1.685726698377e-04
    11        437   1.685722396880e-04
    11        438   1.685715658343e-04
    11        439   1.685704829338e-04
    11        440   1.685688003138e-04
    11        441   1.685664422818e-04
    11        442   1.685635714760e-04
    11        443   1.685593978129e-04
    11        444   1.685529815191e-04
    11        445   1.685433677330e-04
    11        446   1.685289509517e-04
    11        447   1.685085350903e-04
    11        448   1.684850435056e-04
    11        449   1.684611168659e-04
    11        450   1.684515934156e-04
    11        451   1.684405340225e-04
    11        452   1.684366012304e-04
    11        453   1.684354423225e-04

    12          0   9.879423702733e-01
    12          1   9.202740095572e-01
    12          2   9.138906712307e-01
    12          3   9.036632213244e-01
    12          4   8.576824286537e-01
    12          5   8.352336633663e-01
    12          6   8.071640356808e-01
    12          7   7.934083848915e-01
    12          8   7.720806672294e-01
    12          9   7.421313111467e-01
    12         10   7.083398714937e-01
    12         11   6.658062956426e-01
    12         12   6.290628227340e-01
    12         13   5.957463653530e-01
    12         14   5.608233866884e-01
    12         15   5.142166983655e-01
    12         16   4.982992395673e-01
    12         17   4.774670240354e-01
    12         18   4.524839740764e-01
    12         19   4.305478277869e-01
    12         20   4.225058889821e-01
    12         21   4.093693987097e-01
    12         22   3.908225345304e-01
    12         23   3.804688202176e-01
    12         24   3.629110758414e-01
    12         25   3.293103054537e-01
    12         26   2.673751683191e-01
    12         27   2.220653732370e-01
    12         28   1.745052996063e-01
    12         29   1.660647760016e-01
    12         30   1.499488181845e-01
    12         31   1.204029951815e-01
    12         32   7.658709166951e-02
    12         33   5.474185052997e-02
    12         34   4.334758096189e-02
    12         35   3.267004537617e-02
    12         36   2.690349262043e-02
    12         37   2.461959621871e-02
    12         38   2.105070037032e-02
    12         39   1.639165374017e-02
    12         40   1.301396114586e-02
    12         41   1.021455983337e-02
    12         42   8.552497922696e-03
    12         43   7.232337928417e-03
    12         44   6.257991771539e-03
    12         45   5.598221469151e-03
    12         46   4.930982046936e-03
    12         47   4.615726140767e-03
    12         48   4.344786949065e-03
    12         49   4.099351875854e-03
    12         50   3.836022652544e-03
    12         51   3.545344948993e-03
    12         52   3.229315368041e-03
    12         53   2.900860315626e-03
    12         54   2.506532254255e-03
    12         55   2.017397206920e-03
    12         56   1.687716485821e-03
    12         57   1.365825600484e-03
    12         58   1.156697261054e-03
    12         59   1.036461072932e-03
    12         60   9.279627109309e-04
    12         61   7.982167085320e-04
    12         62   7.168383045100e-04
    12         63   6.739664961211e-04
    12         64   6.330172968899e-04
    12         65   5.920916515038e-04
    12         66   5.427939790900e-04
    12         67   4.843132630827e-04
    12         68   4.591073184124e-04
    12         69   4.449788952877e-04
    12         70   4.291001565452e-04
    12         71   4.061767030467e-04
    12         72   3.828331622973e-04
    12         73   3.622321523014e-04
    12         74   3.421087520837e-04
    12         75   3.194415394104e-04
    12         76   2.916475854413e-04
    12         77   2.634959487762e-04
    12         78   2.505264954735e-04
    12         79   2.394598158275e-04
    12         80   2.295325730681e-04
    12         81   2.236840005648e-04
    12         82   2.191116216003e-04
    12         83   2.141967970059e-04
    12         84   2.081902353975e-04
    12         85   2.020533792617e-04
    12         86   1.971772499636e-04
    12         87   1.935290586630e-04
    12         88   1.907845732982e-04
    12         89   1.881200949820e-04
    12         90   1.862404308802e-04
    12         91   1.846368230118e-04
    12         92   1.825918123899e-04
    12         93   1.798705842634e-04
    12         94   1.769213360850e-04
    12         95   1.743356309032e-04
    12         96   1.721862738594e-04
    12         97   1.702914811412e-04
    12         98   1.687080905128e-04
    12         99   1.672066014948e-04
    12        100   1.651869674625e-04
    12        101   1.621220981300e-04
    12        102   1.576895686651e-04
    12        103   1.538045514193e-04
    12        104   1.519147923691e-04
    12        105   1.506460778278e-04
    12        106   1.497347265800e-04
    12        107   1.485481837090e-04
    12        108   1.476495577273e-04
    12        109   1.462314587757e-04
    12        110   1.444639269459e-04
    12        111   1.435680231787e-04
    12        112   1.431121654261e-04
    12        113   1.429210169648e-04
    12        114   1.427555052689e-04
    12        115   1.425640578642e-04
    12        116   1.422672741913e-04
    12        117   1.417955525581e-04
    12        118   1.410389273662e-04
    12        119   1.399134018374e-04
    12        120   1.388941242314e-04
    12        121   1.383273772032e-04
    12        122   1.381209681316e-04
    12        123   1.380625031487e-04
    12        124   1.380090395195e-04
    12        125   1.379158670765e-04
    12        126   1.377523728168e-04
    12        127   1.374686340783e-04
    12        128   1.369860846197e-04
    12        129   1.361908630659e-04
    12        130   1.349546476213e-04
    12        131   1.334214027586e-04
    12        132   1.321798649840e-04
    12        133   1.313720332169e-04
    12        134   1.311976495921e-04
    12        135   1.309719693929e-04
    12        136   1.308433262344e-04
    12        137   1.306520629245e-04
    12        138   1.303427083158e-04
    12        139   1.298214853113e-04
    12        140   1.289736467917e-04
    12        141   1.278539682147e-04
    12        142   1.273316798421e-04
    12        143   1.270281863691e-04
    12        144   1.268582620182e-04
    12        145   1.267093704410e-04
    12        146   1.264842423123e-04
    12        147   1.261022683735e-04
    12        148   1.254382172508e-04
    12        149   1.242973075218e-04
    12        150   1.224649376913e-04
    12        151   1.199090619057e-04
    12        152   1.169073665156e-04
    12        153   1.135995800564e-04
    12        154   1.115907908914e-04
    12        155   1.106609706616e-04
    12        156   1.092245037350e-04
    12        157   1.085080438835e-04
    12        158   1.079637937950e-04
    12        159   1.074907975377e-04
    12        160   1.069487232351e-04
    12        161   1.065953795681e-04
    12        162   1.062686392421e-04
    12        163   1.060563272284e-04
    12        164   1.057403577694e-04
    12        165   1.052976369909e-04
    12        166   1.049929969199e-04
    12        167   1.047022497471e-04
    12        168   1.043900845349e-04
    12        169   1.041297492926e-04
    12        170   1.038780429578e-04
    12        171   1.035776594429e-04
    12        172   1.032627509637e-04
    12        173   1.029636377078e-04
    12        174   1.026346634183e-04
    12        175   1.022185217296e-04
    12        176   1.015823764198e-04
    12        177   1.005639705582e-04
    12        178   9.914725314042e-05
    12        179   9.813235177836e-05
    12        180   9.722381011401e-05
    12        181   9.669720541550e-05
    12        182   9.648773640469e-05
    12        183   9.618959655033e-05
    12        184   9.583854795525e-05
    12        185   9.566160860341e-05
    12        186   9.553539348384e-05
    12        187   9.537040100693e-05
    12        188   9.517833544859e-05
    12        189   9.490269674417e-05
    12        190   9.461365715535e-05
    12        191   9.426437609994e-05
    12        192   9.367973099084e-05
    12        193   9.271237864683e-05
    12        194   9.143967250591e-05
    12        195   9.064638656786e-05
    12        196   9.032223841632e-05
    12        197   9.000756679012e-05
    12        198   8.986463783234e-05
    12        199   8.974429285158e-05
    12        200   8.966024233370e-05
    12        201   8.960900281763e-05
    12        202   8.954589754906e-05
    12        203   8.945668852367e-05
    12        204   8.932697963870e-05
    12        205   8.912363347036e-05
    12        206   8.882856280057e-05
    12        207   8.856602028962e-05
    12        208   8.834899770160e-05
    12        209   8.826458454303e-05
    12        210   8.811543731113e-05
    12        211   8.786504871239e-05
    12        212   8.750895693221e-05
    12        213   8.728662262703e-05
    12        214   8.708022329318e-05
    12        215   8.675249662249e-05
    12        216   8.622286420434e-05
    12        217   8.554315645792e-05
    12        218   8.510325963629e-05
    12        219   8.455196089330e-05
    12        220   8.409488286010e-05
    12        221   8.374220216412e-05
    12        222   8.335873802834e-05
    12        223   8.285518615703e-05
    12        224   8.220975728446e-05
    12        225   8.143255158277e-05
    12        226   8.087799284595e-05
    12        227   8.059695516127e-05
    12        228   8.028985756225e-05
    12        229   7.989437335287e-05
    12        230   7.935650353330e-05
    12        231   7.878073622891e-05
    12        232   7.812543422403e-05
    12        233   7.750720636523e-05
    12        234   7.674663051926e-05
    12        235   7.600523945139e-05
    12        236   7.514334646064e-05
    12        237   7.445265478401e-05
    12        238   7.400033045457e-05
    12        239   7.384315386927e-05
    12        240   7.364339342530e-05
    12        241   7.343221027378e-05
    12        242   7.325344797482e-05
    12        243   7.297927343652e-05
    12        244   7.258997112336e-05
    12        245   7.223149478974e-05
    12        246   7.202796898520e-05
    12        247   7.180153325725e-05
    12        248   7.161411225043e-05
    12        249   7.133810064064e-05
    12        250   7.091095725942e-05
    12        251   7.043458285239e-05
    12        252   7.010652929806e-05
    12        253   6.991588885907e-05
    12        254   6.965022189465e-05
    12        255   6.946269264707e-05
    12        256   6.933293751044e-05
    12        257   6.913455972102e-05
    12        258   6.886986182197e-05
    12        259   6.869357662220e-05
    12        260   6.857169847463e-05
    12        261   6.844803558403e-05
    12        262   6.829238213779e-05
    12        263   6.818263589448e-05
    12        264   6.801666318779e-05
    12        265   6.776328779301e-05
    12        266   6.748843717164e-05
    12        267   6.727602823431e-05
    12        268   6.699516310160e-05
    12        269   6.677336194516e-05
    12        270   6.651038489847e-05
    12        271   6.615255402442e-05
    12        272   6.583947815197e-05
    12        273   6.577498767735e-05
    12        274   6.566358806481e-05
    12        275   6.549757674545e-05
    12        276   6.536330349494e-05
    12        277   6.522373316387e-05
    12        278   6.498906390273e-05
    12        279   6.459780381018e-05
    12        280   6.399787806033e-05
    12        281   6.321095421302e-05
    12        282   6.234295314134e-05
    12        283   6.124017227838e-05
    12        284   5.951027364148e-05
    12        285   5.701060445062e-05
    12        286   5.492738902402e-05
    12        287   5.353245067397e-05
    12        288   5.235750955646e-05
    12        289   5.159952131772e-05
    12        290   5.089584515394e-05
    12        291   5.021683732964e-05
    12        292   4.955079470081e-05
    12        293   4.857600516628e-05
    12        294   4.752260271379e-05
    12        295   4.658266656377e-05
    12        296   4.596216443475e-05
    12        297   4.511986042421e-05
    12        298   4.478089837279e-05
    12        299   4.431275025529e-05
    12        300   4.406091157561e-05
    12        301   4.380153965300e-05
    12        302   4.351432383032e-05
    12        303   4.336732080135e-05
    12        304   4.319328162328e-05
    12        305   4.311121142409e-05
    12        306   4.302511265497e-05
    12        307   4.292653484383e-05
    12        308   4.287343390164e-05
    12        309   4.279501160243e-05
    12        310   4.270502318993e-05
    12        311   4.261725075505e-05
    12        312   4.252466432009e-05
    12        313   4.243122861736e-05
    12        314   4.240214039530e-05
    12        315   4.237290789899e-05
    12        316   4.234645166212e-05
    12        317   4.232684194194e-05
    12        318   4.229861191885e-05
    12        319   4.226461224699e-05
    12        320   4.222948132337e-05
    12        321   4.219508608994e-05
    12        322   4.217174028520e-05
    12        323   4.215244968775e-05
    12        324   4.213336636383e-05
    12        325   4.211320720970e-05
    12        326   4.209448231618e-05
    12        327   4.207711350634e-05
    12        328   4.205900976051e-05
    12        329   4.203672143399e-05
    12        330   4.200816333144e-05
    12        331   4.196806765222e-05
    12        332   4.192813205028e-05
    12        333   4.189471525395e-05
    12        334   4.185878359109e-05
    12        335   4.180796780062e-05
    12        336   4.173020363341e-05
    12        337   4.161160517502e-05
    12        338   4.145816019119e-05
    12        339   4.131269746888e-05
    12        340   4.112286692448e-05
    12        341   4.089130722373e-05
    12        342   4.067003331587e-05
    12        343   4.050258678601e-05
    12        344   4.031591743836e-05
    12        345   4.003030245869e-05
    12        346   3.959236833029e-05
    12        347   3.893915799780e-05
    12        348   3.823122434099e-05
    12        349   3.777082686640e-05
    12        350   3.712357987562e-05
    12        351   3.674501568351e-05
    12        352   3.618219553347e-05
    12        353   3.549776602119e-05
    12        354   3.509362899767e-05
    12        355   3.459820968799e-05
    12        356   3.416670471068e-05
    12        357   3.366225726698e-05
    12        358   3.318296388954e-05
    12        359   3.282043133079e-05
    12        360   3.253613260057e-05
    12        361   3.244653141110e-05
    12        362   3.229775883684e-05
    12        363   3.208067078386e-05
    12        364   3.185778112491e-05
    12        365   3.177041836921e-05
    12        366   3.164060547722e-05
    12        367   3.148425846233e-05
    12        368   3.132702260955e-05
    12        369   3.117426780763e-05
    12        370   3.100429652680e-05
    12        371   3.086683855935e-05
    12        372   3.073697235711e-05
    12        373   3.063062283726e-05
    12        374   3.047042928772e-05
    12        375   3.022626719884e-05
    12        376   2.992751961206e-05
    12        377   2.969823675414e-05
    12        378   2.954926297793e-05
    12        379   2.933841654851e-05
    12        380   2.920238212989e-05
    12        381   2.910544499357e-05
    12        382   2.903324618042e-05
    12        383   2.898545727670e-05
    12        384   2.896043849898e-05
    12        385   2.893385642422e-05
    12        386   2.890811955636e-05
    12        387   2.887678932439e-05
    12        388   2.884825672056e-05
    12        389   2.880841882102e-05
    12        390   2.875819276715e-05
    12        391   2.868648053644e-05
    12        392   2.859852581816e-05
    12        393   2.850165602231e-05
    12        394   2.840679197558e-05
    12        395   2.834521091866e-05
    12        396   2.828468259763e-05
    12        397   2.820110282042e-05
    12        398   2.812713242906e-05
    12        399   2.808903263940e-05
    12        400   2.805693108954e-05
    12        401   2.802575100158e-05
    12        402   2.798925857117e-05
    12        403   2.797062433757e-05
    12        404   2.795932667565e-05
    12        405   2.794520733229e-05
    12        406   2.792259377882e-05
    12        407   2.788522949326e-05
    12        408   2.782467132645e-05
    12        409   2.773697813618e-05
    12        410   2.765980776387e-05
    12        411   2.759187196522e-05
    12        412   2.752030888420e-05
    12        413   2.742875827355e-05
    12        414   2.731915993426e-05
    12        415   2.716536581149e-05
    12        416   2.698443154092e-05
    12        417   2.686276442176e-05
    12        418   2.680210200168e-05
    12        419   2.672343673060e-05
    12        420   2.661184506170e-05
    12        421   2.647719214366e-05
    12        422   2.641583642327e-05
    12        423   2.631903873296e-05
    12        424   2.621195443420e-05
    12        425   2.614534054590e-05
    12        426   2.604212150470e-05
    12        427   2.588161002226e-05
    12        428   2.567097462891e-05
    12        429   2.557098887446e-05
    12        430   2.550588882366e-05
    12        431   2.545555764533e-05
    12        432   2.541551960245e-05
    12        433   2.538892194759e-05
    12        434   2.537109227252e-05
    12        435   2.536089737537e-05
    12        436   2.535674530213e-05
    12        437   2.535415961447e-05
    12        438   2.535215952770e-05
    12        439   2.535115754609e-05
    12        440   2.534996476411e-05
    12        441   2.534870563731e-05
    12        442   2.534763694140e-05
    12        443   2.534622275330e-05
    12        444   2.534554971168e-05
    12        445   2.534495719486e-05
    12        446   2.534421491929e-05
    12        447   2.534292743628e-05
    12        448   2.534063024973e-05
    12        449   2.533658503412e-05
    12        450   2.532979151715e-05
    12        451   2.531867320554e-05
    12        452   2.530139598955e-05
    12        453   2.527672851693e-05
    12        454   2.524911410973e-05
    12        455   2.522684681561e-05
    12        456   2.521889152785e-05
    12        457   2.521653383070e-05
    12        458   2.521452139759e-05
    12        459   2.521176875092e-05
    12        460   2.520985633059e-05
    12        461   2.520865934419e-05
    12        462   2.520818434482e-05
    12        463   2.520792102478e-05

