# iteration    cost = 1 - F_e
# Nlayers = 11, theta_target = 0.58905, cutoffA = 10, cutoffB = 2
       0   9.951941531824e-01
       1   8.989922403389e-01
       2   8.898350748564e-01
       3   8.330389804547e-01
       4   8.136636519925e-01
       5   7.828950740708e-01
       6   7.527336201089e-01
       7   7.374308810052e-01
       8   7.118290600826e-01
       9   6.775497130189e-01
      10   6.373733367546e-01
      11   5.929890555995e-01
      12   5.238154917203e-01
      13   4.398007004506e-01
      14   3.934637183865e-01
      15   3.580375686352e-01
      16   3.166304700398e-01
      17   2.759071148120e-01
      18   2.428798143677e-01
      19   2.082543418085e-01
      20   1.850303979848e-01
      21   1.591581821070e-01
      22   1.429064098107e-01
      23   1.193750461241e-01
      24   9.168548488132e-02
      25   8.133540770027e-02
      26   6.868417015814e-02
      27   5.709509275715e-02
      28   4.792253133969e-02
      29   3.967858208228e-02
      30   3.563665518951e-02
      31   3.094469611740e-02
      32   2.835492104391e-02
      33   2.490571942616e-02
      34   2.306364208431e-02
      35   2.208744493058e-02
      36   2.134724008553e-02
      37   2.066383654638e-02
      38   2.001635352167e-02
      39   1.924061979001e-02
      40   1.793445138046e-02
      41   1.584529863367e-02
      42   1.400023638277e-02
      43   1.195727484647e-02
      44   1.010008413954e-02
      45   9.276453808230e-03
      46   8.222542483311e-03
      47   7.527377972063e-03
      48   6.782711379047e-03
      49   5.797634127363e-03
      50   5.227041797106e-03
      51   4.685932955852e-03
      52   4.044224404564e-03
      53   3.410953110068e-03
      54   3.009772712974e-03
      55   2.669476011298e-03
      56   2.387839888002e-03
      57   2.182910244239e-03
      58   1.994031869246e-03
      59   1.884528630043e-03
      60   1.803034855991e-03
      61   1.669434021374e-03
      62   1.459789929453e-03
      63   1.267403144771e-03
      64   1.198465967584e-03
      65   1.146712795378e-03
      66   1.118498299792e-03
      67   1.094525112653e-03
      68   1.078447591517e-03
      69   1.055455060280e-03
      70   1.033717592888e-03
      71   1.017061945684e-03
      72   1.006648712998e-03
      73   9.981110480153e-04
      74   9.907283466757e-04
      75   9.833614119799e-04
      76   9.789393310118e-04
      77   9.744622297293e-04
      78   9.699674842131e-04
      79   9.640389073695e-04
      80   9.571053806630e-04
      81   9.496480238909e-04
      82   9.418730710542e-04
      83   9.338652911134e-04
      84   9.267329870588e-04
      85   9.211177524158e-04
      86   9.168758613829e-04
      87   9.132761185984e-04
      88   9.102373971692e-04
      89   9.083420085645e-04
      90   9.071217672052e-04
      91   9.058987963236e-04
      92   9.040149992433e-04
      93   9.011280612294e-04
      94   8.975956280380e-04
      95   8.949459643314e-04
      96   8.933863117556e-04
      97   8.924864795483e-04
      98   8.918011362619e-04
      99   8.911326802794e-04
     100   8.905297359584e-04
     101   8.899879011409e-04
     102   8.894811827369e-04
     103   8.889221662706e-04
     104   8.880998333788e-04
     105   8.868134993065e-04
     106   8.848624508272e-04
     107   8.827078303389e-04
     108   8.813766036526e-04
     109   8.809485565950e-04
     110   8.808513240663e-04
     111   8.807734104177e-04
     112   8.806404946634e-04
     113   8.804046398569e-04
     114   8.799925141375e-04
     115   8.793272095318e-04
     116   8.785640795663e-04
     117   8.782902214872e-04
     118   8.781475114986e-04
     119   8.780638979082e-04
     120   8.779364778415e-04
     121   8.777202138199e-04
     122   8.773491199833e-04
     123   8.767439276834e-04
     124   8.759302505975e-04
     125   8.755231761041e-04
     126   8.752820451221e-04
     127   8.752004980681e-04
     128   8.751451399999e-04
     129   8.750569664357e-04
     130   8.749106246642e-04
     131   8.746715657114e-04
     132   8.743224221720e-04
     133   8.740428632299e-04
     134   8.738873245246e-04
     135   8.736755186507e-04
     136   8.734383202230e-04
     137   8.730582059319e-04
     138   8.723938532951e-04
     139   8.711946961504e-04
     140   8.690515605013e-04
     141   8.655019647137e-04
     142   8.609340107799e-04
     143   8.581998184242e-04
     144   8.567175184608e-04
     145   8.545747022768e-04
     146   8.535431932291e-04
     147   8.532088338399e-04
     148   8.529303662397e-04
     149   8.527833740533e-04
     150   8.527320315056e-04
     151   8.526931191501e-04
     152   8.526434098978e-04
     153   8.525618953050e-04
     154   8.524278164979e-04
     155   8.522100518162e-04
     156   8.518647754792e-04
     157   8.513692860614e-04
     158   8.507808176660e-04
     159   8.504055173850e-04
     160   8.497926017881e-04
     161   8.487755026197e-04
     162   8.471403566491e-04
     163   8.452118914439e-04
     164   8.433080790243e-04
     165   8.413609804157e-04
     166   8.396617024440e-04
     167   8.385750165804e-04
     168   8.377982099190e-04
     169   8.373199973639e-04
     170   8.368893143456e-04
     171   8.366288796789e-04
     172   8.363887740995e-04
     173   8.360118463935e-04
     174   8.353910055608e-04
     175   8.343867182328e-04
     176   8.328849039557e-04
     177   8.310593707693e-04
     178   8.290800494467e-04
     179   8.272075362123e-04
     180   8.261690037068e-04
     181   8.255512248507e-04
     182   8.252041157687e-04
     183   8.248146660916e-04
     184   8.241718557952e-04
     185   8.231136071148e-04
     186   8.213732739639e-04
     187   8.187174060342e-04
     188   8.149629431078e-04
     189   8.102471815823e-04
     190   8.027508757523e-04
     191   7.967439981283e-04
     192   7.877868889570e-04
     193   7.826168125098e-04
     194   7.765767005173e-04
     195   7.736227672939e-04
     196   7.721154951963e-04
     197   7.697534796620e-04
     198   7.670348211586e-04
     199   7.652189269001e-04
     200   7.624609153112e-04
     201   7.582912347097e-04
     202   7.533707822489e-04
     203   7.462079216013e-04
     204   7.346068461226e-04
     205   7.159758960990e-04
     206   7.063634721811e-04
     207   6.908023652378e-04
     208   6.735721895288e-04
     209   6.523286511876e-04
     210   6.444388941642e-04
     211   6.364694113672e-04
     212   6.262258515051e-04
     213   6.186732310118e-04
     214   6.104982580035e-04
     215   6.023797799386e-04
     216   5.985920369662e-04
     217   5.928980280834e-04
     218   5.860659954453e-04
     219   5.792350061908e-04
     220   5.685711311334e-04
     221   5.533882029599e-04
     222   5.460780545772e-04
     223   5.366597205905e-04
     224   5.280285073832e-04
     225   5.162270012843e-04
     226   5.089366012734e-04
     227   4.980457438362e-04
     228   4.873808593837e-04
     229   4.833449426556e-04
     230   4.807232867625e-04
     231   4.766238692159e-04
     232   4.711172327810e-04
     233   4.671275525092e-04
     234   4.617887875723e-04
     235   4.555718057696e-04
     236   4.490271417198e-04
     237   4.438967766321e-04
     238   4.421894360698e-04
     239   4.391906960529e-04
     240   4.342466686532e-04
     241   4.280691887857e-04
     242   4.247279810603e-04
     243   4.198707354541e-04
     244   4.137731757564e-04
     245   4.108594119052e-04
     246   4.064264228165e-04
     247   3.998799843425e-04
     248   3.912936405057e-04
     249   3.819505399401e-04
     250   3.719039008990e-04
     251   3.606113882921e-04
     252   3.534222455659e-04
     253   3.413752560675e-04
     254   3.352743028142e-04
     255   3.258951895592e-04
     256   3.131169561044e-04
     257   2.991281382281e-04
     258   2.827481871926e-04
     259   2.779365059650e-04
     260   2.710665282367e-04
     261   2.683019474907e-04
     262   2.643298970199e-04
     263   2.599346635299e-04
     264   2.553188120215e-04
     265   2.494923461326e-04
     266   2.459247696865e-04
     267   2.428251295002e-04
     268   2.386955306583e-04
     269   2.334512239059e-04
     270   2.288424429119e-04
     271   2.240270208982e-04
     272   2.216538876312e-04
     273   2.180967788626e-04
     274   2.149705919373e-04
     275   2.134045191476e-04
     276   2.121482126924e-04
     277   2.110319151410e-04
     278   2.108397109543e-04
     279   2.104809080014e-04
     280   2.098462032930e-04
     281   2.089197506127e-04
     282   2.084485906199e-04
     283   2.081638475357e-04
     284   2.076799800479e-04
     285   2.069016450438e-04
     286   2.059036815015e-04
     287   2.052446698069e-04
     288   2.044911890835e-04
     289   2.039531995269e-04
     290   2.034548528080e-04
     291   2.026625303694e-04
     292   2.016253182785e-04
     293   2.011690242317e-04
     294   2.009239495524e-04
     295   2.007633986011e-04
     296   2.005750365897e-04
     297   2.002858261124e-04
     298   1.999134615782e-04
     299   1.994183401314e-04
     300   1.986387725016e-04
     301   1.975055840404e-04
     302   1.965660333301e-04
     303   1.960784100495e-04
     304   1.954162691058e-04
     305   1.949144382865e-04
     306   1.947240149883e-04
     307   1.945729218344e-04
     308   1.944192113862e-04
     309   1.942843262301e-04
     310   1.940792550831e-04
     311   1.938244662932e-04
     312   1.935719183281e-04
     313   1.932896300388e-04
     314   1.930633228179e-04
     315   1.928669142944e-04
     316   1.925568747282e-04
     317   1.920417492625e-04
     318   1.912324876986e-04
     319   1.902184049593e-04
     320   1.893795509891e-04
     321   1.880841579230e-04
     322   1.864856635140e-04
     323   1.854813382859e-04
     324   1.848734782638e-04
     325   1.843743857273e-04
     326   1.841281957208e-04
     327   1.839833320599e-04
     328   1.838316631000e-04
     329   1.837182481467e-04
     330   1.835917544659e-04
     331   1.834127930193e-04
     332   1.831255499860e-04
     333   1.826929380241e-04
     334   1.821924000032e-04
     335   1.817773978655e-04
     336   1.816081794894e-04
     337   1.813644624313e-04
     338   1.811621143184e-04
     339   1.809862196560e-04
     340   1.807216562938e-04
     341   1.803939786547e-04
     342   1.801849854601e-04
     343   1.800376778514e-04
     344   1.799802327320e-04
     345   1.799352423794e-04
     346   1.798831874491e-04
     347   1.798023492366e-04
     348   1.796995575793e-04
     349   1.796122533176e-04
     350   1.794942558899e-04
     351   1.793482655696e-04
     352   1.791162746372e-04
     353   1.787636880404e-04
     354   1.783486632835e-04
     355   1.779246480308e-04
     356   1.775134200261e-04
     357   1.771460904209e-04
     358   1.769229137600e-04
     359   1.765692214032e-04
     360   1.760507023784e-04
     361   1.754356276638e-04
     362   1.748708939548e-04
     363   1.742407775086e-04
     364   1.738044545376e-04
     365   1.732698443387e-04
     366   1.728286039310e-04
     367   1.725197726286e-04
     368   1.722568751529e-04
     369   1.721473385081e-04
     370   1.720559458549e-04
     371   1.720330452958e-04
     372   1.720146773414e-04
     373   1.720009655155e-04
     374   1.719942747747e-04
     375   1.719892440777e-04
     376   1.719843336164e-04
     377   1.719770622388e-04
     378   1.719656311030e-04
     379   1.719476782068e-04
     380   1.719232272620e-04
     381   1.719046860638e-04
     382   1.718909119152e-04
     383   1.718844074284e-04
     384   1.718823260637e-04
     385   1.718808379658e-04
     386   1.718783592676e-04
     387   1.718740376233e-04
     388   1.718664077801e-04
     389   1.718528314093e-04
     390   1.718288788405e-04
     391   1.717873721967e-04
     392   1.717174685143e-04
     393   1.716051576378e-04
     394   1.714441093777e-04
     395   1.712697994176e-04
     396   1.711082231702e-04
     397   1.710207097753e-04
     398   1.709259453188e-04
     399   1.707705176844e-04
     400   1.705965931055e-04
     401   1.704537732087e-04
     402   1.703813237975e-04
     403   1.702752213809e-04
     404   1.701153297643e-04
     405   1.699237021734e-04
     406   1.697840413257e-04
     407   1.695692194857e-04
     408   1.692938393725e-04
     409   1.691837787370e-04
     410   1.691715657210e-04
     411   1.691485442027e-04
     412   1.691064090613e-04
     413   1.690360943359e-04
     414   1.689624263254e-04
     415   1.689377032575e-04
     416   1.688999758888e-04
     417   1.688761708167e-04
     418   1.688705636849e-04
     419   1.688652983806e-04
     420   1.688628683070e-04
     421   1.688590841357e-04
     422   1.688530446237e-04
     423   1.688436243467e-04
     424   1.688292805911e-04
     425   1.688093114572e-04
     426   1.687786957656e-04
     427   1.687356719681e-04
     428   1.686825621121e-04
     429   1.686281152519e-04
     430   1.686008435500e-04
     431   1.685894623868e-04
     432   1.685819141816e-04
     433   1.685751311109e-04
     434   1.685736383559e-04
     435   1.685729648397e-04
     436   1.685726698377e-04
     437   1.685722396880e-04
     438   1.685715658343e-04
     439   1.685704829338e-04
     440   1.685688003138e-04
     441   1.685664422818e-04
     442   1.685635714760e-04
     443   1.685593978129e-04
     444   1.685529815191e-04
     445   1.685433677330e-04
     446   1.685289509517e-04
     447   1.685085350903e-04
     448   1.684850435056e-04
     449   1.684611168659e-04
     450   1.684515934156e-04
     451   1.684405340225e-04
     452   1.684366012304e-04
     453   1.684354423225e-04
