# iteration    cost = 1 - F_e
# Nlayers = 8, theta_target = 0.58905, cutoffA = 10, cutoffB = 2
       0   9.406598914738e-01
       1   9.192657322996e-01
       2   8.900124982882e-01
       3   8.842748838251e-01
       4   8.806146465996e-01
       5   8.753642593017e-01
       6   8.707496909635e-01
       7   8.669118450204e-01
       8   8.597500497712e-01
       9   8.472480887620e-01
      10   8.354088530235e-01
      11   8.164388137315e-01
      12   7.871191783124e-01
      13   7.720990053164e-01
      14   7.525694094482e-01
      15   7.391121637389e-01
      16   7.204214074128e-01
      17   6.892655526995e-01
      18   6.376759936206e-01
      19   5.971085749184e-01
      20   5.566632888443e-01
      21   5.263990172895e-01
      22   4.881714949064e-01
      23   4.523726828859e-01
      24   4.299661122427e-01
      25   3.993737406755e-01
      26   3.660963600168e-01
      27   3.319684057172e-01
      28   2.726574915099e-01
      29   2.350794287878e-01
      30   1.886845776734e-01
      31   1.354597783388e-01
      32   1.121161510081e-01
      33   7.863522735716e-02
      34   6.693559882160e-02
      35   4.967962680020e-02
      36   4.002554139379e-02
      37   3.107072923539e-02
      38   2.812219653877e-02
      39   2.374106018695e-02
      40   1.897010967882e-02
      41   1.714294265684e-02
      42   1.520035581640e-02
      43   1.330206924184e-02
      44   1.224014344788e-02
      45   1.130355003413e-02
      46   1.060010684481e-02
      47   1.023220191702e-02
      48   9.857198508148e-03
      49   9.464518531489e-03
      50   8.904893455215e-03
      51   8.348180960977e-03
      52   7.687233690754e-03
      53   6.961454338408e-03
      54   6.130890288746e-03
      55   5.511563986427e-03
      56   4.899248544425e-03
      57   4.533308950374e-03
      58   4.036941795696e-03
      59   3.641206400788e-03
      60   3.233226953724e-03
      61   2.898286360954e-03
      62   2.605250512027e-03
      63   2.319762175026e-03
      64   2.050083778828e-03
      65   1.688691285591e-03
      66   1.547284965867e-03
      67   1.440657951418e-03
      68   1.363250155435e-03
      69   1.303974973486e-03
      70   1.262835935692e-03
      71   1.228372684379e-03
      72   1.180582548288e-03
      73   1.140891683707e-03
      74   1.112456175698e-03
      75   1.091016761093e-03
      76   1.071408749102e-03
      77   1.057995357656e-03
      78   1.041086847047e-03
      79   1.017634952289e-03
      80   9.902772942718e-04
      81   9.724490907363e-04
      82   9.627015737758e-04
      83   9.531027772567e-04
      84   9.410287161264e-04
      85   9.256321029111e-04
      86   9.097462024872e-04
      87   8.948885235418e-04
      88   8.818846130987e-04
      89   8.710716903042e-04
      90   8.659576494469e-04
      91   8.615782496392e-04
      92   8.576569299595e-04
      93   8.517482516684e-04
      94   8.438551703881e-04
      95   8.351788821603e-04
      96   8.285672905411e-04
      97   8.251934382809e-04
      98   8.230343951552e-04
      99   8.201270855309e-04
     100   8.154777406024e-04
     101   8.091991835883e-04
     102   7.998047641951e-04
     103   7.892484240608e-04
     104   7.846662546378e-04
     105   7.826941747507e-04
     106   7.803091700030e-04
     107   7.784320135875e-04
     108   7.761256099502e-04
     109   7.738024127767e-04
     110   7.723070687612e-04
     111   7.709333731266e-04
     112   7.702356117499e-04
     113   7.694916464287e-04
     114   7.682533978891e-04
     115   7.661386632978e-04
     116   7.625332813381e-04
     117   7.566977491983e-04
     118   7.499472415947e-04
     119   7.465213380259e-04
     120   7.442343806636e-04
     121   7.436656355116e-04
     122   7.433187295962e-04
     123   7.427396222280e-04
     124   7.417366040261e-04
     125   7.399733777561e-04
     126   7.368636497648e-04
     127   7.314217547423e-04
     128   7.222112617931e-04
     129   7.086819039839e-04
     130   6.943932291711e-04
     131   6.724676823445e-04
     132   6.619345208924e-04
     133   6.443183304397e-04
     134   6.243716626144e-04
     135   5.982638377747e-04
     136   5.824040638970e-04
     137   5.692261281307e-04
     138   5.605809136966e-04
     139   5.477608175133e-04
     140   5.285514571838e-04
     141   5.182134913939e-04
     142   5.139420195738e-04
     143   5.060913234566e-04
     144   4.919332288822e-04
     145   4.704792557607e-04
     146   4.416405774019e-04
     147   4.293424840666e-04
     148   4.180303396524e-04
     149   4.068096479696e-04
     150   3.946073396773e-04
     151   3.775051560373e-04
     152   3.573917355704e-04
     153   3.411946318357e-04
     154   3.333890477495e-04
     155   3.205713464851e-04
     156   3.045153322039e-04
     157   2.973688933535e-04
     158   2.882452218497e-04
     159   2.795221524200e-04
     160   2.723240772678e-04
     161   2.678362632551e-04
     162   2.628150908675e-04
     163   2.595057924425e-04
     164   2.563387751440e-04
     165   2.543473798123e-04
     166   2.518666183937e-04
     167   2.493768091384e-04
     168   2.462148878840e-04
     169   2.440590754724e-04
     170   2.416853564187e-04
     171   2.405231361595e-04
     172   2.396251051101e-04
     173   2.390974456347e-04
     174   2.381995233091e-04
     175   2.367269661309e-04
     176   2.346863579760e-04
     177   2.330955844694e-04
     178   2.310862353224e-04
     179   2.290606134711e-04
     180   2.277480358689e-04
     181   2.270321449646e-04
     182   2.262286163577e-04
     183   2.253904966599e-04
     184   2.248876298850e-04
     185   2.242204094780e-04
     186   2.233719861118e-04
     187   2.221117884770e-04
     188   2.209415823845e-04
     189   2.201933722403e-04
     190   2.196237167987e-04
     191   2.190482474709e-04
     192   2.184311321102e-04
     193   2.177238629351e-04
     194   2.173184848047e-04
     195   2.171229790348e-04
     196   2.169422617422e-04
     197   2.166552536784e-04
     198   2.161855449344e-04
     199   2.154182063832e-04
     200   2.142269827149e-04
     201   2.127233005931e-04
     202   2.114277346001e-04
     203   2.106318412213e-04
     204   2.099754980395e-04
     205   2.096514878910e-04
     206   2.093432606753e-04
     207   2.091712353106e-04
     208   2.088910784128e-04
     209   2.084556215083e-04
     210   2.079231169051e-04
     211   2.073903795485e-04
     212   2.068210178462e-04
     213   2.063749715532e-04
     214   2.060385064013e-04
     215   2.055432587937e-04
     216   2.049859781613e-04
     217   2.047054530059e-04
     218   2.044582232696e-04
     219   2.042823868829e-04
     220   2.041757441685e-04
     221   2.040145683049e-04
     222   2.038266980788e-04
     223   2.036684957004e-04
     224   2.035601910285e-04
     225   2.034980532176e-04
     226   2.034223815111e-04
     227   2.032951016498e-04
     228   2.030726888198e-04
     229   2.026902263963e-04
     230   2.021097523169e-04
     231   2.016342851243e-04
     232   2.013818202903e-04
     233   2.012685272758e-04
     234   2.012290725364e-04
     235   2.012099588781e-04
     236   2.011996892612e-04
     237   2.011913093898e-04
     238   2.011799193903e-04
     239   2.011685859287e-04
     240   2.011478622868e-04
     241   2.011097605894e-04
     242   2.010414797394e-04
     243   2.009276600333e-04
     244   2.007752747940e-04
     245   2.006948095091e-04
     246   2.006191870447e-04
     247   2.005962412684e-04
     248   2.005899273760e-04
     249   2.005859815200e-04
     250   2.005811400728e-04
     251   2.005735736162e-04
     252   2.005610949780e-04
     253   2.005394561635e-04
     254   2.005011648292e-04
     255   2.004330975580e-04
     256   2.003137142775e-04
     257   2.001175673836e-04
     258   1.998539801217e-04
     259   1.996710442094e-04
     260   1.995603074829e-04
     261   1.995355701443e-04
     262   1.994967520653e-04
     263   1.994729307679e-04
     264   1.994700981514e-04
     265   1.994684513213e-04
     266   1.994682350113e-04
