# iteration    cost = 1 - F_e
# Nlayers = 9, theta_target = 0.58905, cutoffA = 10, cutoffB = 2
       0   1.219947287320e-01
       1   1.726668054076e-02
       2   1.054275416284e-02
       3   2.552544578108e-03
       4   1.077107672547e-03
       5   7.442666792369e-04
       6   6.288072443398e-04
       7   4.839476016929e-04
       8   4.391742786328e-04
       9   3.798770234059e-04
      10   3.145327170995e-04
      11   2.799446836577e-04
      12   2.651250211383e-04
      13   2.592373899495e-04
      14   2.521071340431e-04
      15   2.502425486582e-04
      16   2.483015380684e-04
      17   2.462022662590e-04
      18   2.439251604082e-04
      19   2.413538752429e-04
      20   2.379906419364e-04
      21   2.339059745279e-04
      22   2.279983362883e-04
      23   2.196678352511e-04
      24   2.112211427387e-04
      25   2.062767013907e-04
      26   2.038827137867e-04
      27   2.029838622434e-04
      28   2.026475684636e-04
      29   2.024916779533e-04
      30   2.023116939108e-04
      31   2.020281045079e-04
      32   2.016196043918e-04
      33   2.013299526701e-04
      34   2.012178988742e-04
      35   2.011915281750e-04
      36   2.011762625495e-04
      37   2.011559069200e-04
      38   2.011316162905e-04
      39   2.011049430286e-04
      40   2.010752565900e-04
      41   2.010338044266e-04
      42   2.009694459213e-04
      43   2.008737235757e-04
      44   2.007741664252e-04
      45   2.007119407401e-04
      46   2.006849560903e-04
      47   2.006652758806e-04
      48   2.006326793464e-04
      49   2.005768493148e-04
      50   2.004821237271e-04
      51   2.003339037046e-04
      52   2.001779163825e-04
      53   2.000973777680e-04
      54   2.000540332108e-04
      55   2.000429846831e-04
      56   2.000341722332e-04
      57   2.000259877089e-04
      58   2.000180448877e-04
      59   2.000097403735e-04
      60   1.999976661754e-04
      61   1.999785815520e-04
      62   1.999479750191e-04
      63   1.998993904283e-04
      64   1.998266476605e-04
      65   1.997522923586e-04
      66   1.997031108769e-04
      67   1.996875710211e-04
      68   1.996849358977e-04
      69   1.996838465018e-04
      70   1.996820421942e-04
      71   1.996789245753e-04
      72   1.996733834250e-04
      73   1.996635470476e-04
      74   1.996464673734e-04
      75   1.996184594981e-04
      76   1.995796627705e-04
      77   1.995541649361e-04
      78   1.995361425048e-04
      79   1.995331126673e-04
