# iteration    cost = 1 - F_e
# Nlayers = 6, theta_target = 0.58905, cutoffA = 10, cutoffB = 2
       0   9.445619381304e-01
       1   9.274084657741e-01
       2   8.918301694598e-01
       3   8.721556576918e-01
       4   8.667918072710e-01
       5   8.565533742005e-01
       6   8.384604771536e-01
       7   8.155646089001e-01
       8   8.043583786113e-01
       9   8.008104462398e-01
      10   7.988612023301e-01
      11   7.978835439648e-01
      12   7.975981356856e-01
      13   7.974685543654e-01
      14   7.972352238123e-01
      15   7.968271071615e-01
      16   7.962054165075e-01
      17   7.956857420007e-01
      18   7.951350109872e-01
      19   7.941543200659e-01
      20   7.923295031814e-01
      21   7.887545369593e-01
      22   7.854964252162e-01
      23   7.795206138062e-01
      24   7.508171799730e-01
      25   7.397191095757e-01
      26   7.202120385522e-01
      27   6.937086733633e-01
      28   6.562306539931e-01
      29   6.171351770408e-01
      30   5.784562974981e-01
      31   5.605374783987e-01
      32   5.427932066202e-01
      33   5.336063737002e-01
      34   5.230438169875e-01
      35   5.165705822675e-01
      36   5.086490382010e-01
      37   4.966447436079e-01
      38   4.866659278037e-01
      39   4.810131441540e-01
      40   4.749835547703e-01
      41   4.692918942374e-01
      42   4.659368865620e-01
      43   4.619646412488e-01
      44   4.585181849561e-01
      45   4.567830667727e-01
      46   4.542145150790e-01
      47   4.513529430156e-01
      48   4.489817488192e-01
      49   4.467356229495e-01
      50   4.454979367070e-01
      51   4.450783319189e-01
      52   4.447534529098e-01
      53   4.444784550786e-01
      54   4.443135100255e-01
      55   4.441606947800e-01
      56   4.439198941345e-01
      57   4.435973240813e-01
      58   4.433929315485e-01
      59   4.432098037535e-01
      60   4.430890929735e-01
      61   4.429931881656e-01
      62   4.429038030420e-01
      63   4.427717531304e-01
      64   4.420241225377e-01
      65   4.406090108119e-01
      66   4.391492754865e-01
      67   4.388244061428e-01
      68   4.357440009045e-01
      69   4.301023702454e-01
      70   4.215457104003e-01
      71   4.121661725902e-01
      72   4.045385380293e-01
      73   3.916066326420e-01
      74   3.694411383299e-01
      75   3.396942898689e-01
      76   3.076953151015e-01
      77   2.614677870225e-01
      78   2.331020037501e-01
      79   2.116067352753e-01
      80   2.010712595841e-01
      81   1.975368016043e-01
      82   1.938152681992e-01
      83   1.902275499516e-01
      84   1.874679276312e-01
      85   1.857109384354e-01
      86   1.847077755344e-01
      87   1.841812466988e-01
      88   1.839504205955e-01
      89   1.836158941264e-01
      90   1.832941419222e-01
      91   1.828154970201e-01
      92   1.801874505980e-01
      93   1.798512888569e-01
      94   1.778588954229e-01
      95   1.630751635261e-01
      96   1.429031449405e-01
      97   1.257640150300e-01
      98   1.159014103790e-01
      99   9.958208330174e-02
     100   7.792637997743e-02
     101   6.599902729770e-02
     102   5.500436968434e-02
     103   4.985749505879e-02
     104   4.192111799215e-02
     105   3.488652976676e-02
     106   3.145277248049e-02
     107   2.696724394318e-02
     108   2.543309470275e-02
     109   2.350520176245e-02
     110   2.271198757881e-02
     111   2.234833303953e-02
     112   2.228243967519e-02
     113   2.220092185032e-02
     114   2.217412456771e-02
     115   2.215113089795e-02
     116   2.213546990577e-02
     117   2.212296628189e-02
     118   2.211137898438e-02
     119   2.210339119535e-02
     120   2.210101107266e-02
     121   2.210042853363e-02
     122   2.210004082759e-02
     123   2.209946951509e-02
     124   2.209885680023e-02
     125   2.209828246515e-02
     126   2.209793707979e-02
     127   2.209784210704e-02
     128   2.209782553125e-02
     129   2.209781887928e-02
     130   2.209781020453e-02
     131   2.209780570785e-02
     132   2.209780372881e-02
     133   2.209780319752e-02
