# iteration    cost = 1 - F_e
# Nlayers = 12, theta_target = 0.58905, cutoffA = 10, cutoffB = 2
       0   9.879423702733e-01
       1   9.202740095572e-01
       2   9.138906712307e-01
       3   9.036632213244e-01
       4   8.576824286537e-01
       5   8.352336633663e-01
       6   8.071640356808e-01
       7   7.934083848915e-01
       8   7.720806672294e-01
       9   7.421313111467e-01
      10   7.083398714937e-01
      11   6.658062956426e-01
      12   6.290628227340e-01
      13   5.957463653530e-01
      14   5.608233866884e-01
      15   5.142166983655e-01
      16   4.982992395673e-01
      17   4.774670240354e-01
      18   4.524839740764e-01
      19   4.305478277869e-01
      20   4.225058889821e-01
      21   4.093693987097e-01
      22   3.908225345304e-01
      23   3.804688202176e-01
      24   3.629110758414e-01
      25   3.293103054537e-01
      26   2.673751683191e-01
      27   2.220653732370e-01
      28   1.745052996063e-01
      29   1.660647760016e-01
      30   1.499488181845e-01
      31   1.204029951815e-01
      32   7.658709166951e-02
      33   5.474185052997e-02
      34   4.334758096189e-02
      35   3.267004537617e-02
      36   2.690349262043e-02
      37   2.461959621871e-02
      38   2.105070037032e-02
      39   1.639165374017e-02
      40   1.301396114586e-02
      41   1.021455983337e-02
      42   8.552497922696e-03
      43   7.232337928417e-03
      44   6.257991771539e-03
      45   5.598221469151e-03
      46   4.930982046936e-03
      47   4.615726140767e-03
      48   4.344786949065e-03
      49   4.099351875854e-03
      50   3.836022652544e-03
      51   3.545344948993e-03
      52   3.229315368041e-03
      53   2.900860315626e-03
      54   2.506532254255e-03
      55   2.017397206920e-03
      56   1.687716485821e-03
      57   1.365825600484e-03
      58   1.156697261054e-03
      59   1.036461072932e-03
      60   9.279627109309e-04
      61   7.982167085320e-04
      62   7.168383045100e-04
      63   6.739664961211e-04
      64   6.330172968899e-04
      65   5.920916515038e-04
      66   5.427939790900e-04
      67   4.843132630827e-04
      68   4.591073184124e-04
      69   4.449788952877e-04
      70   4.291001565452e-04
      71   4.061767030467e-04
      72   3.828331622973e-04
      73   3.622321523014e-04
      74   3.421087520837e-04
      75   3.194415394104e-04
      76   2.916475854413e-04
      77   2.634959487762e-04
      78   2.505264954735e-04
      79   2.394598158275e-04
      80   2.295325730681e-04
      81   2.236840005648e-04
      82   2.191116216003e-04
      83   2.141967970059e-04
      84   2.081902353975e-04
      85   2.020533792617e-04
      86   1.971772499636e-04
      87   1.935290586630e-04
      88   1.907845732982e-04
      89   1.881200949820e-04
      90   1.862404308802e-04
      91   1.846368230118e-04
      92   1.825918123899e-04
      93   1.798705842634e-04
      94   1.769213360850e-04
      95   1.743356309032e-04
      96   1.721862738594e-04
      97   1.702914811412e-04
      98   1.687080905128e-04
      99   1.672066014948e-04
     100   1.651869674625e-04
     101   1.621220981300e-04
     102   1.576895686651e-04
     103   1.538045514193e-04
     104   1.519147923691e-04
     105   1.506460778278e-04
     106   1.497347265800e-04
     107   1.485481837090e-04
     108   1.476495577273e-04
     109   1.462314587757e-04
     110   1.444639269459e-04
     111   1.435680231787e-04
     112   1.431121654261e-04
     113   1.429210169648e-04
     114   1.427555052689e-04
     115   1.425640578642e-04
     116   1.422672741913e-04
     117   1.417955525581e-04
     118   1.410389273662e-04
     119   1.399134018374e-04
     120   1.388941242314e-04
     121   1.383273772032e-04
     122   1.381209681316e-04
     123   1.380625031487e-04
     124   1.380090395195e-04
     125   1.379158670765e-04
     126   1.377523728168e-04
     127   1.374686340783e-04
     128   1.369860846197e-04
     129   1.361908630659e-04
     130   1.349546476213e-04
     131   1.334214027586e-04
     132   1.321798649840e-04
     133   1.313720332169e-04
     134   1.311976495921e-04
     135   1.309719693929e-04
     136   1.308433262344e-04
     137   1.306520629245e-04
     138   1.303427083158e-04
     139   1.298214853113e-04
     140   1.289736467917e-04
     141   1.278539682147e-04
     142   1.273316798421e-04
     143   1.270281863691e-04
     144   1.268582620182e-04
     145   1.267093704410e-04
     146   1.264842423123e-04
     147   1.261022683735e-04
     148   1.254382172508e-04
     149   1.242973075218e-04
     150   1.224649376913e-04
     151   1.199090619057e-04
     152   1.169073665156e-04
     153   1.135995800564e-04
     154   1.115907908914e-04
     155   1.106609706616e-04
     156   1.092245037350e-04
     157   1.085080438835e-04
     158   1.079637937950e-04
     159   1.074907975377e-04
     160   1.069487232351e-04
     161   1.065953795681e-04
     162   1.062686392421e-04
     163   1.060563272284e-04
     164   1.057403577694e-04
     165   1.052976369909e-04
     166   1.049929969199e-04
     167   1.047022497471e-04
     168   1.043900845349e-04
     169   1.041297492926e-04
     170   1.038780429578e-04
     171   1.035776594429e-04
     172   1.032627509637e-04
     173   1.029636377078e-04
     174   1.026346634183e-04
     175   1.022185217296e-04
     176   1.015823764198e-04
     177   1.005639705582e-04
     178   9.914725314042e-05
     179   9.813235177836e-05
     180   9.722381011401e-05
     181   9.669720541550e-05
     182   9.648773640469e-05
     183   9.618959655033e-05
     184   9.583854795525e-05
     185   9.566160860341e-05
     186   9.553539348384e-05
     187   9.537040100693e-05
     188   9.517833544859e-05
     189   9.490269674417e-05
     190   9.461365715535e-05
     191   9.426437609994e-05
     192   9.367973099084e-05
     193   9.271237864683e-05
     194   9.143967250591e-05
     195   9.064638656786e-05
     196   9.032223841632e-05
     197   9.000756679012e-05
     198   8.986463783234e-05
     199   8.974429285158e-05
     200   8.966024233370e-05
     201   8.960900281763e-05
     202   8.954589754906e-05
     203   8.945668852367e-05
     204   8.932697963870e-05
     205   8.912363347036e-05
     206   8.882856280057e-05
     207   8.856602028962e-05
     208   8.834899770160e-05
     209   8.826458454303e-05
     210   8.811543731113e-05
     211   8.786504871239e-05
     212   8.750895693221e-05
     213   8.728662262703e-05
     214   8.708022329318e-05
     215   8.675249662249e-05
     216   8.622286420434e-05
     217   8.554315645792e-05
     218   8.510325963629e-05
     219   8.455196089330e-05
     220   8.409488286010e-05
     221   8.374220216412e-05
     222   8.335873802834e-05
     223   8.285518615703e-05
     224   8.220975728446e-05
     225   8.143255158277e-05
     226   8.087799284595e-05
     227   8.059695516127e-05
     228   8.028985756225e-05
     229   7.989437335287e-05
     230   7.935650353330e-05
     231   7.878073622891e-05
     232   7.812543422403e-05
     233   7.750720636523e-05
     234   7.674663051926e-05
     235   7.600523945139e-05
     236   7.514334646064e-05
     237   7.445265478401e-05
     238   7.400033045457e-05
     239   7.384315386927e-05
     240   7.364339342530e-05
     241   7.343221027378e-05
     242   7.325344797482e-05
     243   7.297927343652e-05
     244   7.258997112336e-05
     245   7.223149478974e-05
     246   7.202796898520e-05
     247   7.180153325725e-05
     248   7.161411225043e-05
     249   7.133810064064e-05
     250   7.091095725942e-05
     251   7.043458285239e-05
     252   7.010652929806e-05
     253   6.991588885907e-05
     254   6.965022189465e-05
     255   6.946269264707e-05
     256   6.933293751044e-05
     257   6.913455972102e-05
     258   6.886986182197e-05
     259   6.869357662220e-05
     260   6.857169847463e-05
     261   6.844803558403e-05
     262   6.829238213779e-05
     263   6.818263589448e-05
     264   6.801666318779e-05
     265   6.776328779301e-05
     266   6.748843717164e-05
     267   6.727602823431e-05
     268   6.699516310160e-05
     269   6.677336194516e-05
     270   6.651038489847e-05
     271   6.615255402442e-05
     272   6.583947815197e-05
     273   6.577498767735e-05
     274   6.566358806481e-05
     275   6.549757674545e-05
     276   6.536330349494e-05
     277   6.522373316387e-05
     278   6.498906390273e-05
     279   6.459780381018e-05
     280   6.399787806033e-05
     281   6.321095421302e-05
     282   6.234295314134e-05
     283   6.124017227838e-05
     284   5.951027364148e-05
     285   5.701060445062e-05
     286   5.492738902402e-05
     287   5.353245067397e-05
     288   5.235750955646e-05
     289   5.159952131772e-05
     290   5.089584515394e-05
     291   5.021683732964e-05
     292   4.955079470081e-05
     293   4.857600516628e-05
     294   4.752260271379e-05
     295   4.658266656377e-05
     296   4.596216443475e-05
     297   4.511986042421e-05
     298   4.478089837279e-05
     299   4.431275025529e-05
     300   4.406091157561e-05
     301   4.380153965300e-05
     302   4.351432383032e-05
     303   4.336732080135e-05
     304   4.319328162328e-05
     305   4.311121142409e-05
     306   4.302511265497e-05
     307   4.292653484383e-05
     308   4.287343390164e-05
     309   4.279501160243e-05
     310   4.270502318993e-05
     311   4.261725075505e-05
     312   4.252466432009e-05
     313   4.243122861736e-05
     314   4.240214039530e-05
     315   4.237290789899e-05
     316   4.234645166212e-05
     317   4.232684194194e-05
     318   4.229861191885e-05
     319   4.226461224699e-05
     320   4.222948132337e-05
     321   4.219508608994e-05
     322   4.217174028520e-05
     323   4.215244968775e-05
     324   4.213336636383e-05
     325   4.211320720970e-05
     326   4.209448231618e-05
     327   4.207711350634e-05
     328   4.205900976051e-05
     329   4.203672143399e-05
     330   4.200816333144e-05
     331   4.196806765222e-05
     332   4.192813205028e-05
     333   4.189471525395e-05
     334   4.185878359109e-05
     335   4.180796780062e-05
     336   4.173020363341e-05
     337   4.161160517502e-05
     338   4.145816019119e-05
     339   4.131269746888e-05
     340   4.112286692448e-05
     341   4.089130722373e-05
     342   4.067003331587e-05
     343   4.050258678601e-05
     344   4.031591743836e-05
     345   4.003030245869e-05
     346   3.959236833029e-05
     347   3.893915799780e-05
     348   3.823122434099e-05
     349   3.777082686640e-05
     350   3.712357987562e-05
     351   3.674501568351e-05
     352   3.618219553347e-05
     353   3.549776602119e-05
     354   3.509362899767e-05
     355   3.459820968799e-05
     356   3.416670471068e-05
     357   3.366225726698e-05
     358   3.318296388954e-05
     359   3.282043133079e-05
     360   3.253613260057e-05
     361   3.244653141110e-05
     362   3.229775883684e-05
     363   3.208067078386e-05
     364   3.185778112491e-05
     365   3.177041836921e-05
     366   3.164060547722e-05
     367   3.148425846233e-05
     368   3.132702260955e-05
     369   3.117426780763e-05
     370   3.100429652680e-05
     371   3.086683855935e-05
     372   3.073697235711e-05
     373   3.063062283726e-05
     374   3.047042928772e-05
     375   3.022626719884e-05
     376   2.992751961206e-05
     377   2.969823675414e-05
     378   2.954926297793e-05
     379   2.933841654851e-05
     380   2.920238212989e-05
     381   2.910544499357e-05
     382   2.903324618042e-05
     383   2.898545727670e-05
     384   2.896043849898e-05
     385   2.893385642422e-05
     386   2.890811955636e-05
     387   2.887678932439e-05
     388   2.884825672056e-05
     389   2.880841882102e-05
     390   2.875819276715e-05
     391   2.868648053644e-05
     392   2.859852581816e-05
     393   2.850165602231e-05
     394   2.840679197558e-05
     395   2.834521091866e-05
     396   2.828468259763e-05
     397   2.820110282042e-05
     398   2.812713242906e-05
     399   2.808903263940e-05
     400   2.805693108954e-05
     401   2.802575100158e-05
     402   2.798925857117e-05
     403   2.797062433757e-05
     404   2.795932667565e-05
     405   2.794520733229e-05
     406   2.792259377882e-05
     407   2.788522949326e-05
     408   2.782467132645e-05
     409   2.773697813618e-05
     410   2.765980776387e-05
     411   2.759187196522e-05
     412   2.752030888420e-05
     413   2.742875827355e-05
     414   2.731915993426e-05
     415   2.716536581149e-05
     416   2.698443154092e-05
     417   2.686276442176e-05
     418   2.680210200168e-05
     419   2.672343673060e-05
     420   2.661184506170e-05
     421   2.647719214366e-05
     422   2.641583642327e-05
     423   2.631903873296e-05
     424   2.621195443420e-05
     425   2.614534054590e-05
     426   2.604212150470e-05
     427   2.588161002226e-05
     428   2.567097462891e-05
     429   2.557098887446e-05
     430   2.550588882366e-05
     431   2.545555764533e-05
     432   2.541551960245e-05
     433   2.538892194759e-05
     434   2.537109227252e-05
     435   2.536089737537e-05
     436   2.535674530213e-05
     437   2.535415961447e-05
     438   2.535215952770e-05
     439   2.535115754609e-05
     440   2.534996476411e-05
     441   2.534870563731e-05
     442   2.534763694140e-05
     443   2.534622275330e-05
     444   2.534554971168e-05
     445   2.534495719486e-05
     446   2.534421491929e-05
     447   2.534292743628e-05
     448   2.534063024973e-05
     449   2.533658503412e-05
     450   2.532979151715e-05
     451   2.531867320554e-05
     452   2.530139598955e-05
     453   2.527672851693e-05
     454   2.524911410973e-05
     455   2.522684681561e-05
     456   2.521889152785e-05
     457   2.521653383070e-05
     458   2.521452139759e-05
     459   2.521176875092e-05
     460   2.520985633059e-05
     461   2.520865934419e-05
     462   2.520818434482e-05
     463   2.520792102478e-05
