# iteration    cost = 1 - F_e
# Nlayers = 3, r_target = 0.8, cutoffA = 10, cutoffB = 2
       0   8.586581148157e-01
       1   8.206143031697e-01
       2   8.184374794241e-01
       3   8.160053547194e-01
       4   8.156870980748e-01
       5   8.152107941943e-01
       6   8.150056754339e-01
       7   8.149756389688e-01
       8   8.149280890042e-01
       9   8.148795769511e-01
      10   8.148609221028e-01
      11   8.148479968179e-01
      12   8.148410632029e-01
      13   8.148342303508e-01
      14   8.148292877097e-01
      15   8.148247769340e-01
      16   8.148196886076e-01
      17   8.148140535140e-01
      18   8.148105395331e-01
      19   8.148095502308e-01
      20   8.148093198735e-01
      21   8.148091382325e-01
      22   8.148089304465e-01
      23   8.148088095963e-01
      24   8.148087800949e-01
      25   8.148087760879e-01
      26   8.148087733928e-01
      27   8.148087684991e-01
      28   8.148087593702e-01
      29   8.148087422267e-01
      30   8.148087100845e-01
      31   8.148086503182e-01
      32   8.148085404138e-01
      33   8.148083404491e-01
      34   8.148079772580e-01
      35   8.148073138570e-01
      36   8.148061530221e-01
      37   8.148048709206e-01
      38   8.147874767410e-01
      39   8.147757648962e-01
      40   8.147558058012e-01
      41   8.147190751007e-01
      42   8.146551552379e-01
      43   8.145819903238e-01
      44   8.145722145490e-01
      45   8.145640128685e-01
      46   8.145512836866e-01
      47   8.145334406384e-01
      48   8.145026190313e-01
      49   8.142153300389e-01
      50   8.140328506488e-01
      51   8.139131068968e-01
      52   8.137211638790e-01
      53   8.133679222917e-01
      54   8.127080234902e-01
      55   8.115024221573e-01
      56   8.096487384955e-01
      57   8.080276490686e-01
      58   8.076431870986e-01
      59   8.071084566681e-01
      60   8.062866460980e-01
      61   8.056100891193e-01
      62   8.055078172146e-01
      63   8.054750341864e-01
      64   8.054453203805e-01
      65   8.053909606278e-01
      66   8.052897050035e-01
      67   8.051033550896e-01
      68   8.047824597202e-01
      69   8.044410452218e-01
      70   8.043760873295e-01
      71   8.043587426598e-01
      72   8.043517280467e-01
      73   8.043483870259e-01
      74   8.043477823884e-01
      75   8.043477415015e-01
      76   8.043477389725e-01
