# iteration    cost = 1 - F_e
# Nlayers = 4, r_target = 0.8, cutoffA = 10, cutoffB = 2
       0   9.893032279325e-01
       1   9.388985647288e-01
       2   9.327012327779e-01
       3   8.737943455458e-01
       4   8.555207944963e-01
       5   8.398271132403e-01
       6   8.196593207830e-01
       7   8.170867267429e-01
       8   8.165742389397e-01
       9   8.158699097976e-01
      10   8.154046694129e-01
      11   8.149591715192e-01
      12   8.148202350119e-01
      13   8.147710580109e-01
      14   8.147269989916e-01
      15   8.146581260849e-01
      16   8.145790670123e-01
      17   8.145432563137e-01
      18   8.145272013761e-01
      19   8.145188592080e-01
      20   8.145111041808e-01
      21   8.145061404533e-01
      22   8.145023616530e-01
      23   8.144973351918e-01
      24   8.144892109319e-01
      25   8.144766178197e-01
      26   8.144617498628e-01
      27   8.144502862981e-01
      28   8.144372973507e-01
      29   8.144230225155e-01
      30   8.144030048963e-01
      31   8.143843121389e-01
      32   8.143696494109e-01
      33   8.143544111999e-01
      34   8.143285786748e-01
      35   8.142831798532e-01
      36   8.142063676712e-01
      37   8.140988207041e-01
      38   8.139787379970e-01
      39   8.137791196641e-01
      40   8.135557156957e-01
      41   8.132198575594e-01
      42   8.126106921440e-01
      43   8.118049665273e-01
      44   8.103963793333e-01
      45   8.080479370052e-01
      46   8.052152176859e-01
      47   8.043992444183e-01
      48   8.038846308695e-01
      49   8.037699054722e-01
      50   8.036008817231e-01
      51   8.033140361610e-01
      52   8.028343975530e-01
      53   8.020813884819e-01
      54   8.010306842838e-01
      55   8.002561638043e-01
      56   7.999402253509e-01
      57   7.995719033287e-01
      58   7.989353913345e-01
      59   7.978366141101e-01
      60   7.960852262628e-01
      61   7.931767099671e-01
      62   7.909088060182e-01
      63   7.877539900027e-01
      64   7.857131884570e-01
      65   7.825430281139e-01
      66   7.801030962982e-01
      67   7.792829714393e-01
      68   7.785878800379e-01
      69   7.783434092055e-01
      70   7.779466054262e-01
      71   7.772499710492e-01
      72   7.763811735152e-01
      73   7.761721532839e-01
      74   7.760698188536e-01
      75   7.760384445499e-01
      76   7.759876327097e-01
      77   7.759079679785e-01
      78   7.758130562858e-01
      79   7.757678471959e-01
      80   7.757585541499e-01
      81   7.757571181087e-01
      82   7.757569790244e-01
      83   7.757569705497e-01
