# iteration    cost = 1 - F_e
# Nlayers = 9, r_target = 0.8, cutoffA = 10, cutoffB = 2
       0   1.229072636291e-01
       1   1.322356621035e-02
       2   3.509041624115e-03
       3   2.554692386353e-03
       4   1.567372979329e-03
       5   1.441840640551e-03
       6   1.426225988427e-03
       7   1.398291886928e-03
       8   1.351507805223e-03
       9   1.302940597083e-03
      10   1.287623510492e-03
      11   1.279772382395e-03
      12   1.276701121708e-03
      13   1.275371027075e-03
      14   1.273237939988e-03
      15   1.270595788393e-03
      16   1.269014203543e-03
      17   1.268277723909e-03
      18   1.267098445380e-03
      19   1.265855484158e-03
      20   1.264756002024e-03
      21   1.263346463107e-03
      22   1.260849090634e-03
      23   1.256960197883e-03
      24   1.254381999713e-03
      25   1.253889842805e-03
      26   1.253116832310e-03
      27   1.252320404155e-03
      28   1.252211857305e-03
      29   1.252168897654e-03
      30   1.252133527639e-03
      31   1.252097650317e-03
      32   1.252074548107e-03
      33   1.252058220376e-03
      34   1.252038039241e-03
      35   1.252006149603e-03
      36   1.251959421530e-03
      37   1.251920933479e-03
      38   1.251900192999e-03
      39   1.251889128770e-03
      40   1.251876417248e-03
      41   1.251856357446e-03
      42   1.251826785599e-03
      43   1.251800110588e-03
      44   1.251782189902e-03
      45   1.251771091233e-03
      46   1.251760875008e-03
      47   1.251747365049e-03
      48   1.251728139057e-03
      49   1.251700387954e-03
      50   1.251661472501e-03
      51   1.251617093816e-03
      52   1.251580792258e-03
      53   1.251560265859e-03
      54   1.251547786594e-03
      55   1.251532979891e-03
      56   1.251508743927e-03
      57   1.251468683330e-03
      58   1.251406588918e-03
      59   1.251341886419e-03
      60   1.251312049709e-03
      61   1.251301799169e-03
      62   1.251299373780e-03
      63   1.251295930006e-03
      64   1.251290127111e-03
      65   1.251280333688e-03
      66   1.251265237616e-03
      67   1.251251993512e-03
      68   1.251247031936e-03
      69   1.251244613461e-03
      70   1.251243291751e-03
      71   1.251240930750e-03
      72   1.251236617975e-03
      73   1.251228735914e-03
      74   1.251214612236e-03
      75   1.251190568980e-03
      76   1.251154474220e-03
      77   1.251122731610e-03
      78   1.251099773889e-03
      79   1.251087490297e-03
      80   1.251085440279e-03
