# iteration    cost = 1 - F_e
# Nlayers = 12, r_target = 0.8, cutoffA = 10, cutoffB = 2
       0   9.756899368532e-01
       1   9.340636217944e-01
       2   9.218545622043e-01
       3   8.999750192678e-01
       4   8.664238264260e-01
       5   8.298798456516e-01
       6   7.991118343984e-01
       7   7.827687090342e-01
       8   7.552708907972e-01
       9   7.231447188944e-01
      10   6.943708946213e-01
      11   6.533661453126e-01
      12   5.895860606767e-01
      13   5.641881886308e-01
      14   5.258186114159e-01
      15   4.878385510180e-01
      16   4.620858601843e-01
      17   4.230410174007e-01
      18   3.661649900639e-01
      19   3.320678856080e-01
      20   2.758794139493e-01
      21   1.943426409785e-01
      22   1.613984043224e-01
      23   1.222705877246e-01
      24   1.054337646506e-01
      25   7.765912856026e-02
      26   4.992924413159e-02
      27   3.583050648016e-02
      28   2.925917195958e-02
      29   2.419536593722e-02
      30   1.798362843474e-02
      31   1.498885494791e-02
      32   1.146595787997e-02
      33   1.012258641372e-02
      34   9.036622055354e-03
      35   7.881607773392e-03
      36   7.109912744563e-03
      37   6.518811365090e-03
      38   5.775937982610e-03
      39   5.277349066536e-03
      40   5.122239483003e-03
      41   4.884785764474e-03
      42   4.619742493438e-03
      43   4.429757882745e-03
      44   4.169477452763e-03
      45   3.831303142007e-03
      46   3.599456803587e-03
      47   3.394994499426e-03
      48   3.189494733627e-03
      49   3.067085961916e-03
      50   2.870161184731e-03
      51   2.610457676613e-03
      52   2.479068512338e-03
      53   2.327905844130e-03
      54   2.204180947369e-03
      55   2.073347156196e-03
      56   1.947556142630e-03
      57   1.804333969869e-03
      58   1.654304029256e-03
      59   1.542469549634e-03
      60   1.517384193872e-03
      61   1.475993001337e-03
      62   1.409803332382e-03
      63   1.328666141720e-03
      64   1.263667092758e-03
      65   1.175475172222e-03
      66   1.096878089526e-03
      67   1.049396733462e-03
      68   1.009252104402e-03
      69   9.883387819991e-04
      70   9.739862738886e-04
      71   9.625165412092e-04
      72   9.570487529449e-04
      73   9.514295408565e-04
      74   9.422703126760e-04
      75   9.271183958838e-04
      76   9.033687935747e-04
      77   8.745038684396e-04
      78   8.579611804441e-04
      79   8.438595460879e-04
      80   8.327795152911e-04
      81   8.189756785391e-04
      82   8.057770584924e-04
      83   7.983551174346e-04
      84   7.929709688059e-04
      85   7.871626910546e-04
      86   7.811732802540e-04
      87   7.763838609776e-04
      88   7.731848871526e-04
      89   7.699096118394e-04
      90   7.661851650544e-04
      91   7.613366938050e-04
      92   7.537165921926e-04
      93   7.414589762696e-04
      94   7.233438868306e-04
      95   7.045685843533e-04
      96   6.874319597091e-04
      97   6.753231639653e-04
      98   6.703329926405e-04
      99   6.641732863284e-04
     100   6.593317984976e-04
     101   6.549006243723e-04
     102   6.510449768693e-04
     103   6.472006727418e-04
     104   6.447712169378e-04
     105   6.433393519267e-04
     106   6.424202365555e-04
     107   6.411864581887e-04
     108   6.392344420338e-04
     109   6.362478712749e-04
     110   6.324878314384e-04
     111   6.289462337671e-04
     112   6.257250551767e-04
     113   6.229912313287e-04
     114   6.195096242833e-04
     115   6.143035762933e-04
     116   6.086823966603e-04
     117   6.058309601908e-04
     118   6.043646448224e-04
     119   6.030301006567e-04
     120   6.009946589461e-04
     121   5.978782925993e-04
     122   5.934501650632e-04
     123   5.882856556458e-04
     124   5.834159455954e-04
     125   5.773399174825e-04
     126   5.735789482748e-04
     127   5.704209540512e-04
     128   5.665821788619e-04
     129   5.610881605216e-04
     130   5.528755251228e-04
     131   5.426896340390e-04
     132   5.360891158062e-04
     133   5.294502285911e-04
     134   5.256321194992e-04
     135   5.204049436079e-04
     136   5.154050531594e-04
     137   5.120800266849e-04
     138   5.097690066461e-04
     139   5.079949294645e-04
     140   5.058902331453e-04
     141   5.034197096421e-04
     142   4.992853884559e-04
     143   4.926843870027e-04
     144   4.842051985918e-04
     145   4.753947321166e-04
     146   4.683498968842e-04
     147   4.628077543489e-04
     148   4.575148645505e-04
     149   4.552154254097e-04
     150   4.520304533168e-04
     151   4.488130791106e-04
     152   4.469842738346e-04
     153   4.457229562616e-04
     154   4.447529565446e-04
     155   4.442167334057e-04
     156   4.435123367788e-04
     157   4.425614344634e-04
     158   4.411924614227e-04
     159   4.395806373125e-04
     160   4.377408545215e-04
     161   4.349578733891e-04
     162   4.305247531576e-04
     163   4.246586465897e-04
     164   4.215962756430e-04
     165   4.201882637398e-04
     166   4.181794215075e-04
     167   4.167079651558e-04
     168   4.159988171781e-04
     169   4.149322916810e-04
     170   4.136227826445e-04
     171   4.125932450814e-04
     172   4.110985461978e-04
     173   4.095658501494e-04
     174   4.085831020798e-04
     175   4.074086670025e-04
     176   4.062015032734e-04
     177   4.052480767498e-04
     178   4.044513646529e-04
     179   4.038129016789e-04
     180   4.030079830767e-04
     181   4.017852700154e-04
     182   4.000313431447e-04
     183   3.979052108556e-04
     184   3.957059933276e-04
     185   3.935755514261e-04
     186   3.913711217274e-04
     187   3.892764916772e-04
     188   3.870724313796e-04
     189   3.847588045985e-04
     190   3.833532176740e-04
     191   3.820995655911e-04
     192   3.814156170135e-04
     193   3.809349213582e-04
     194   3.804518158691e-04
     195   3.801193403024e-04
     196   3.796681794052e-04
     197   3.790930210130e-04
     198   3.783761906826e-04
     199   3.774001738305e-04
     200   3.759806621616e-04
     201   3.741562517967e-04
     202   3.725671692228e-04
     203   3.702939666731e-04
     204   3.666692668685e-04
     205   3.621483929795e-04
     206   3.568197881504e-04
     207   3.506943859375e-04
     208   3.440843212129e-04
     209   3.401222206496e-04
     210   3.364008835129e-04
     211   3.329960090167e-04
     212   3.284752947346e-04
     213   3.256654142875e-04
     214   3.248646221888e-04
     215   3.242473552320e-04
     216   3.239660612132e-04
     217   3.236741036856e-04
     218   3.232420550838e-04
     219   3.227285971965e-04
     220   3.220751460102e-04
     221   3.210783092912e-04
     222   3.196002567070e-04
     223   3.176477046694e-04
     224   3.146580407525e-04
     225   3.100178273698e-04
     226   3.038443510107e-04
     227   3.001091175924e-04
     228   2.979826965724e-04
     229   2.960209569624e-04
     230   2.940600707427e-04
     231   2.923213016264e-04
     232   2.900346230195e-04
     233   2.878260582838e-04
     234   2.855660750752e-04
     235   2.838653389853e-04
     236   2.826217613234e-04
     237   2.822545970761e-04
     238   2.817147348207e-04
     239   2.810604149071e-04
     240   2.802924593263e-04
     241   2.791010392628e-04
     242   2.774250017360e-04
     243   2.749607916450e-04
     244   2.720783231783e-04
     245   2.690057091874e-04
     246   2.676357268657e-04
     247   2.652758169603e-04
     248   2.616427119526e-04
     249   2.590284185889e-04
     250   2.564923952028e-04
     251   2.544337282382e-04
     252   2.518293411355e-04
     253   2.498704863014e-04
     254   2.486699657501e-04
     255   2.468753279936e-04
     256   2.446542475332e-04
     257   2.431595450446e-04
     258   2.413158757274e-04
     259   2.391432321073e-04
     260   2.376885400488e-04
     261   2.369537306504e-04
     262   2.359053777166e-04
     263   2.344996542731e-04
     264   2.330505553489e-04
     265   2.316766471003e-04
     266   2.298433356974e-04
     267   2.271688913822e-04
     268   2.245949930699e-04
     269   2.229015481862e-04
     270   2.217377436512e-04
     271   2.207224602262e-04
     272   2.192764277926e-04
     273   2.170953510017e-04
     274   2.141718801808e-04
     275   2.117593394982e-04
     276   2.087437674752e-04
     277   2.069411263903e-04
     278   2.040105856008e-04
     279   2.016294903825e-04
     280   1.987232343578e-04
     281   1.958100985334e-04
     282   1.920220569409e-04
     283   1.885718281537e-04
     284   1.850428759029e-04
     285   1.827153849510e-04
     286   1.796755616859e-04
     287   1.783163286340e-04
     288   1.761169814887e-04
     289   1.733779494711e-04
     290   1.719396115538e-04
     291   1.698551134873e-04
     292   1.672481940008e-04
     293   1.655553513029e-04
     294   1.646721014080e-04
     295   1.634166365679e-04
     296   1.615226207101e-04
     297   1.595633068127e-04
     298   1.587430919089e-04
     299   1.575665931519e-04
     300   1.557868740177e-04
     301   1.535476188579e-04
     302   1.520941459350e-04
     303   1.506790925402e-04
     304   1.492360262322e-04
     305   1.471785513566e-04
     306   1.443914252516e-04
     307   1.424451346970e-04
     308   1.410696490882e-04
     309   1.399926762522e-04
     310   1.390545172325e-04
     311   1.382298275696e-04
     312   1.371115167056e-04
     313   1.354409178523e-04
     314   1.332859639603e-04
     315   1.316197254850e-04
     316   1.297899764330e-04
     317   1.286680112057e-04
     318   1.273150256609e-04
     319   1.266125124922e-04
     320   1.256319207508e-04
     321   1.246599652511e-04
     322   1.237612894169e-04
     323   1.222342571174e-04
     324   1.198255737418e-04
     325   1.170170266132e-04
     326   1.146403382174e-04
     327   1.113388633571e-04
     328   1.075113563522e-04
     329   1.044105913991e-04
     330   1.021848709704e-04
     331   9.998131985811e-05
     332   9.821484088024e-05
     333   9.686237964535e-05
     334   9.524537384886e-05
     335   9.403975943711e-05
     336   9.322490299890e-05
     337   9.267925517920e-05
     338   9.230397523252e-05
     339   9.186122205884e-05
     340   9.135951620953e-05
     341   9.101269537160e-05
     342   9.067826033204e-05
     343   9.024444578176e-05
     344   8.967467542986e-05
     345   8.890728970845e-05
     346   8.788996346365e-05
     347   8.662562738948e-05
     348   8.550640201621e-05
     349   8.431796762043e-05
     350   8.362854514710e-05
     351   8.278531421835e-05
     352   8.206832880608e-05
     353   8.125798635705e-05
     354   8.100335575956e-05
     355   8.067413589785e-05
     356   8.042575785117e-05
     357   8.016311427383e-05
     358   7.983316291127e-05
     359   7.944353178468e-05
     360   7.907502174620e-05
     361   7.859171002422e-05
     362   7.800159748494e-05
     363   7.739673676610e-05
     364   7.679570981511e-05
     365   7.604692715746e-05
     366   7.504692192351e-05
     367   7.394835518260e-05
     368   7.299443213038e-05
     369   7.180104040660e-05
     370   7.025734480270e-05
     371   6.908738428080e-05
     372   6.755185927687e-05
     373   6.590338575674e-05
     374   6.446423771378e-05
     375   6.331487402489e-05
     376   6.197733888147e-05
     377   6.123573296068e-05
     378   6.033072356215e-05
     379   5.940810118032e-05
     380   5.873069223927e-05
     381   5.800673606970e-05
     382   5.748893171831e-05
     383   5.699568404582e-05
     384   5.654430029156e-05
     385   5.621354215779e-05
     386   5.593816173810e-05
     387   5.576171574728e-05
     388   5.557704898052e-05
     389   5.530155732347e-05
     390   5.500803666902e-05
     391   5.483033688247e-05
     392   5.458186540397e-05
     393   5.428035749533e-05
     394   5.405208653086e-05
     395   5.378515660881e-05
     396   5.354660646906e-05
     397   5.331337104464e-05
     398   5.309077172033e-05
     399   5.286792883485e-05
     400   5.254658338816e-05
     401   5.213756722156e-05
     402   5.159733241522e-05
     403   5.109312947293e-05
     404   5.071232266463e-05
     405   5.046883561111e-05
     406   5.027949988312e-05
     407   5.007665023438e-05
     408   4.989693697188e-05
     409   4.976412986024e-05
     410   4.968482101564e-05
     411   4.964783408923e-05
     412   4.961532283010e-05
     413   4.957421970664e-05
     414   4.953838204103e-05
     415   4.950111870128e-05
     416   4.945379435550e-05
     417   4.937767875302e-05
     418   4.925109960052e-05
     419   4.903893933406e-05
     420   4.869312277744e-05
     421   4.818264995299e-05
     422   4.768542290845e-05
     423   4.729656237712e-05
     424   4.697424436528e-05
     425   4.675186900216e-05
     426   4.643820743544e-05
     427   4.601100409440e-05
     428   4.556030659275e-05
     429   4.519392993785e-05
     430   4.490462767137e-05
     431   4.464304026430e-05
     432   4.435738930753e-05
     433   4.417919485744e-05
     434   4.401061394854e-05
     435   4.391516429503e-05
     436   4.386956351510e-05
     437   4.382660242985e-05
     438   4.380607392251e-05
     439   4.378600645505e-05
     440   4.377054639615e-05
     441   4.374836309695e-05
     442   4.371320675489e-05
     443   4.366008191103e-05
     444   4.358675618898e-05
     445   4.347762942059e-05
     446   4.331686435433e-05
     447   4.312510292037e-05
     448   4.297427391231e-05
     449   4.283054707832e-05
     450   4.265507843781e-05
     451   4.249049687355e-05
     452   4.231482730044e-05
     453   4.220642101638e-05
     454   4.214738404495e-05
     455   4.210188150788e-05
     456   4.203722082807e-05
     457   4.193409293241e-05
     458   4.178171127622e-05
     459   4.162981108691e-05
     460   4.151901679195e-05
     461   4.138982510427e-05
     462   4.130430042493e-05
     463   4.126244887315e-05
     464   4.122580258781e-05
     465   4.121048715988e-05
     466   4.120210071845e-05
     467   4.119252287638e-05
     468   4.118483186444e-05
     469   4.117808935067e-05
     470   4.117018567174e-05
     471   4.115777774816e-05
     472   4.113920725557e-05
     473   4.111348858260e-05
     474   4.108235709377e-05
     475   4.104627236756e-05
     476   4.101160778003e-05
     477   4.096805774367e-05
     478   4.089995414047e-05
     479   4.079717148131e-05
     480   4.067152558118e-05
     481   4.054701476064e-05
     482   4.042508268609e-05
     483   4.033237663992e-05
     484   4.023882675397e-05
     485   4.012298323663e-05
     486   3.995878743013e-05
     487   3.973073437491e-05
     488   3.958090633160e-05
     489   3.937845650659e-05
     490   3.917592188518e-05
     491   3.899545572716e-05
     492   3.876472609876e-05
     493   3.855517330975e-05
     494   3.842689074784e-05
     495   3.837179779087e-05
     496   3.831751089156e-05
     497   3.827500024078e-05
     498   3.824993349166e-05
     499   3.824033378697e-05
     500   3.822683350418e-05
