# iteration    cost = 1 - F_e
# Nlayers = 11, r_target = 0.8, cutoffA = 10, cutoffB = 2
       0   9.891149765261e-01
       1   9.790977704405e-01
       2   9.757524632885e-01
       3   9.651590714609e-01
       4   9.600552915981e-01
       5   9.518052357044e-01
       6   9.365614930282e-01
       7   9.175135448094e-01
       8   8.922115164298e-01
       9   8.609269837971e-01
      10   8.274054402950e-01
      11   8.100989039838e-01
      12   8.053288913070e-01
      13   7.969430653403e-01
      14   7.834250635605e-01
      15   7.669423229899e-01
      16   7.520709855722e-01
      17   7.295655665200e-01
      18   7.038595052460e-01
      19   6.725220320071e-01
      20   6.390645818114e-01
      21   5.959204489039e-01
      22   5.633575673113e-01
      23   5.306572883472e-01
      24   4.925599574588e-01
      25   4.723212372607e-01
      26   4.469591592653e-01
      27   4.266775885306e-01
      28   4.016776073929e-01
      29   3.613952688172e-01
      30   3.194515756345e-01
      31   2.661533983368e-01
      32   1.893096234121e-01
      33   1.467685702821e-01
      34   1.199811091312e-01
      35   9.026402768414e-02
      36   7.321143230770e-02
      37   6.327255988189e-02
      38   5.770199924107e-02
      39   5.226954211400e-02
      40   4.566821329382e-02
      41   4.027011422504e-02
      42   3.351872185335e-02
      43   2.694816568865e-02
      44   2.018416275907e-02
      45   1.659504264780e-02
      46   1.379623382652e-02
      47   1.249585754035e-02
      48   1.164298920984e-02
      49   1.089228614787e-02
      50   1.012453249826e-02
      51   9.672059264696e-03
      52   9.030732393012e-03
      53   8.347455640099e-03
      54   7.942513495582e-03
      55   7.658172473818e-03
      56   7.425981677783e-03
      57   7.249089386563e-03
      58   7.184684843822e-03
      59   7.162985764077e-03
      60   7.126505833151e-03
      61   7.074163629623e-03
      62   7.036914853868e-03
      63   7.004471698362e-03
      64   6.972619592928e-03
      65   6.953050397110e-03
      66   6.934223500483e-03
      67   6.908511657086e-03
      68   6.869677169165e-03
      69   6.825142006373e-03
      70   6.797169452382e-03
      71   6.776882838360e-03
      72   6.763914486648e-03
      73   6.745436616931e-03
      74   6.716509903429e-03
      75   6.671156438215e-03
      76   6.611649522154e-03
      77   6.556416982967e-03
      78   6.481038935069e-03
      79   6.443832062124e-03
      80   6.415908662195e-03
      81   6.390789656915e-03
      82   6.354363833028e-03
      83   6.320127668200e-03
      84   6.271282143103e-03
      85   6.195670701748e-03
      86   6.079456575452e-03
      87   5.900795605496e-03
      88   5.716604353028e-03
      89   5.486707892859e-03
      90   5.142140283586e-03
      91   4.621815852179e-03
      92   4.113955514588e-03
      93   4.057768389154e-03
      94   3.956035410804e-03
      95   3.779633787176e-03
      96   3.507240908506e-03
      97   3.322038872086e-03
      98   3.262156332710e-03
      99   3.166952025704e-03
     100   3.033442624998e-03
     101   2.944135182846e-03
     102   2.825181486602e-03
     103   2.716297257120e-03
     104   2.604935934178e-03
     105   2.492946137673e-03
     106   2.380669224166e-03
     107   2.294473263690e-03
     108   2.215248832990e-03
     109   2.170885668945e-03
     110   2.149433184407e-03
     111   2.131852641941e-03
     112   2.112169214151e-03
     113   2.082376675543e-03
     114   2.043390867510e-03
     115   2.004978438833e-03
     116   1.955357967087e-03
     117   1.899601848306e-03
     118   1.829011265267e-03
     119   1.749165425681e-03
     120   1.685914210483e-03
     121   1.616446386420e-03
     122   1.573329831424e-03
     123   1.539579620011e-03
     124   1.520431283050e-03
     125   1.496835543232e-03
     126   1.461030766280e-03
     127   1.417146939417e-03
     128   1.387289361926e-03
     129   1.358210139368e-03
     130   1.330614227939e-03
     131   1.313616166784e-03
     132   1.300708751502e-03
     133   1.292616474963e-03
     134   1.282278864684e-03
     135   1.276268790158e-03
     136   1.273204422971e-03
     137   1.268643149327e-03
     138   1.263194048529e-03
     139   1.259875895367e-03
     140   1.256052212860e-03
     141   1.253602459733e-03
     142   1.252446536808e-03
     143   1.251531152451e-03
     144   1.250278332463e-03
     145   1.249235185760e-03
     146   1.248241451169e-03
     147   1.247666983459e-03
     148   1.247171701069e-03
     149   1.246706126911e-03
     150   1.246267955165e-03
     151   1.245923366300e-03
     152   1.245673355531e-03
     153   1.245490521833e-03
     154   1.245303284670e-03
     155   1.245016125146e-03
     156   1.244574035408e-03
     157   1.243970272941e-03
     158   1.243391244548e-03
     159   1.243014724464e-03
     160   1.242799090475e-03
     161   1.242615669634e-03
     162   1.242393380809e-03
     163   1.242127290187e-03
     164   1.241839766853e-03
     165   1.241549371939e-03
     166   1.241242116951e-03
     167   1.240867651188e-03
     168   1.240297469653e-03
     169   1.239373008087e-03
     170   1.237898263693e-03
     171   1.235794330408e-03
     172   1.233873066748e-03
     173   1.232965867592e-03
     174   1.232768189703e-03
     175   1.232469844292e-03
     176   1.232203571069e-03
     177   1.231895839197e-03
     178   1.231364284019e-03
     179   1.230451956758e-03
     180   1.228947159766e-03
     181   1.226640171180e-03
     182   1.223767613521e-03
     183   1.220258370108e-03
     184   1.215997707875e-03
     185   1.213445949997e-03
     186   1.212876407883e-03
     187   1.212488453669e-03
     188   1.212119714643e-03
     189   1.211519639773e-03
     190   1.210447604637e-03
     191   1.208499478909e-03
     192   1.205063591710e-03
     193   1.199786169833e-03
     194   1.194855177122e-03
     195   1.194122952532e-03
     196   1.193168282463e-03
     197   1.192457460034e-03
     198   1.192001300220e-03
     199   1.191227559707e-03
     200   1.189894779238e-03
     201   1.187780738169e-03
     202   1.185368840692e-03
     203   1.183409907463e-03
     204   1.180594595707e-03
     205   1.178276652660e-03
     206   1.177496243772e-03
     207   1.176480551306e-03
     208   1.175469441034e-03
     209   1.174489743420e-03
     210   1.173077640106e-03
     211   1.171256869526e-03
     212   1.169125319405e-03
     213   1.166035845739e-03
     214   1.161961065287e-03
     215   1.159674583354e-03
     216   1.157775611040e-03
     217   1.155999861449e-03
     218   1.154649466782e-03
     219   1.153952815164e-03
     220   1.153549581555e-03
     221   1.153244070927e-03
     222   1.152715176388e-03
     223   1.151800978014e-03
     224   1.150231199266e-03
     225   1.147570635786e-03
     226   1.143197914283e-03
     227   1.136543975804e-03
     228   1.127463036650e-03
     229   1.116903844579e-03
     230   1.110320734890e-03
     231   1.108737783407e-03
     232   1.106454088913e-03
     233   1.105578263126e-03
     234   1.105367825571e-03
     235   1.105128303221e-03
     236   1.105002265464e-03
     237   1.104843199802e-03
     238   1.104580736666e-03
     239   1.104125656448e-03
     240   1.103324530760e-03
     241   1.101905628927e-03
     242   1.099368506026e-03
     243   1.094832659813e-03
     244   1.087121454515e-03
     245   1.075741803479e-03
     246   1.067465954615e-03
     247   1.055858124384e-03
     248   1.040889406887e-03
     249   1.016874559208e-03
     250   9.849675310285e-04
     251   9.592974923808e-04
     252   9.512265392928e-04
     253   9.380188566722e-04
     254   9.211885530374e-04
     255   9.144183894935e-04
     256   9.030985776485e-04
     257   8.881346618180e-04
     258   8.740320583273e-04
     259   8.666205418177e-04
     260   8.565738816516e-04
     261   8.449433215765e-04
     262   8.371634521430e-04
     263   8.299035548095e-04
     264   8.265159132357e-04
     265   8.250487864728e-04
     266   8.232079051322e-04
     267   8.210716255825e-04
     268   8.194579553805e-04
     269   8.170698203653e-04
     270   8.145810960789e-04
     271   8.132560483685e-04
     272   8.116771059631e-04
     273   8.093278138869e-04
     274   8.066299028403e-04
     275   8.041583178903e-04
     276   8.006105238932e-04
     277   7.955023194702e-04
     278   7.890128687342e-04
     279   7.798950828751e-04
     280   7.668499798532e-04
     281   7.474124228187e-04
     282   7.200962263875e-04
     283   7.028738540206e-04
     284   6.980913609822e-04
     285   6.889712679106e-04
     286   6.733975541678e-04
     287   6.601320260600e-04
     288   6.512084158043e-04
     289   6.413539193880e-04
     290   6.313733950938e-04
     291   6.214693247730e-04
     292   6.108326147353e-04
     293   5.984622212404e-04
     294   5.841187313393e-04
     295   5.776622942790e-04
     296   5.712914638019e-04
     297   5.686655149246e-04
     298   5.671328609711e-04
     299   5.665544764787e-04
     300   5.662001900691e-04
     301   5.660937443182e-04
     302   5.659300461636e-04
     303   5.657423709826e-04
     304   5.656209354079e-04
     305   5.654134489909e-04
     306   5.650681296779e-04
     307   5.645604568465e-04
     308   5.640906034782e-04
     309   5.636378437199e-04
     310   5.631350293049e-04
     311   5.626479017764e-04
     312   5.619420643852e-04
     313   5.609476082867e-04
     314   5.599414128247e-04
     315   5.592973576924e-04
     316   5.586869372418e-04
     317   5.579674410319e-04
     318   5.570632924780e-04
     319   5.555609971128e-04
     320   5.533521816212e-04
     321   5.515439919873e-04
     322   5.500560078258e-04
     323   5.481544471897e-04
     324   5.457059570935e-04
     325   5.419051881447e-04
     326   5.363284600981e-04
     327   5.321600206252e-04
     328   5.309517056904e-04
     329   5.299438736266e-04
     330   5.289838552349e-04
     331   5.285256875379e-04
     332   5.278385481330e-04
     333   5.269992626800e-04
     334   5.264156106244e-04
     335   5.258006845225e-04
     336   5.255448443664e-04
     337   5.253903334068e-04
     338   5.252838699988e-04
     339   5.252265406253e-04
     340   5.251670539750e-04
     341   5.250745998063e-04
     342   5.249446564716e-04
     343   5.248231057502e-04
     344   5.247289919099e-04
     345   5.246906121363e-04
     346   5.246795898103e-04
     347   5.246738910206e-04
     348   5.246690724789e-04
     349   5.246651588925e-04
     350   5.246615973558e-04
     351   5.246577704413e-04
     352   5.246537035464e-04
     353   5.246488582377e-04
     354   5.246416953537e-04
     355   5.246323537207e-04
     356   5.246170501606e-04
     357   5.245913887987e-04
     358   5.245476924571e-04
     359   5.244738969984e-04
     360   5.243540991896e-04
     361   5.241769371591e-04
     362   5.239796684706e-04
     363   5.237176378594e-04
     364   5.234174005886e-04
     365   5.230489870399e-04
     366   5.226771850195e-04
     367   5.222841480850e-04
     368   5.220147885783e-04
     369   5.216785631680e-04
     370   5.215993367368e-04
     371   5.214658773569e-04
     372   5.212975800083e-04
     373   5.211927192260e-04
     374   5.210414101344e-04
     375   5.208658147967e-04
     376   5.207325242370e-04
     377   5.205201395502e-04
     378   5.203884193609e-04
     379   5.202239584990e-04
     380   5.201197172595e-04
     381   5.199704346809e-04
     382   5.197735686974e-04
     383   5.194866221265e-04
     384   5.192221382581e-04
     385   5.190648343478e-04
     386   5.187964777628e-04
     387   5.184891206792e-04
     388   5.182336431233e-04
     389   5.180561126383e-04
     390   5.177552241535e-04
     391   5.172798540609e-04
     392   5.167650583630e-04
     393   5.162326478417e-04
     394   5.153684481712e-04
     395   5.144488414741e-04
     396   5.136119361145e-04
     397   5.124257522447e-04
     398   5.110524601106e-04
     399   5.095537863125e-04
     400   5.075752936247e-04
     401   5.057083396224e-04
     402   5.028446857571e-04
     403   5.010738011371e-04
     404   4.987608820608e-04
     405   4.952603403728e-04
     406   4.908496123847e-04
     407   4.849736891527e-04
     408   4.811724624038e-04
     409   4.761870359300e-04
     410   4.715544539812e-04
     411   4.669053112152e-04
     412   4.649648607543e-04
     413   4.620501468032e-04
     414   4.578408936249e-04
     415   4.538837124087e-04
     416   4.525358944434e-04
     417   4.509034604945e-04
     418   4.496697155857e-04
     419   4.482605146695e-04
     420   4.462977780628e-04
     421   4.427799052695e-04
     422   4.366623644407e-04
     423   4.267508876993e-04
     424   4.141864378963e-04
     425   4.085780743921e-04
     426   4.015974269574e-04
     427   3.979031463390e-04
     428   3.970742942181e-04
     429   3.955757490018e-04
     430   3.930884936281e-04
     431   3.902467428537e-04
     432   3.886503812549e-04
     433   3.865082493708e-04
     434   3.830641659687e-04
     435   3.786972482780e-04
     436   3.765069270777e-04
     437   3.741965435882e-04
     438   3.706714128435e-04
     439   3.661185848682e-04
     440   3.617920300154e-04
     441   3.572465089516e-04
     442   3.542271525590e-04
     443   3.529469075602e-04
     444   3.511999233795e-04
     445   3.483894172459e-04
     446   3.457242687190e-04
     447   3.447662280033e-04
     448   3.437844842332e-04
     449   3.429886026813e-04
     450   3.417051608651e-04
     451   3.398471812495e-04
     452   3.382352103969e-04
     453   3.371843219365e-04
     454   3.358655586783e-04
     455   3.345575749640e-04
     456   3.324978323392e-04
     457   3.293438581227e-04
     458   3.254274737592e-04
     459   3.229366843069e-04
     460   3.210548514434e-04
     461   3.198570715292e-04
     462   3.182603244268e-04
     463   3.163715621014e-04
     464   3.142833009820e-04
     465   3.129598777721e-04
     466   3.116568944767e-04
     467   3.110202915133e-04
     468   3.100970198128e-04
     469   3.088852910682e-04
     470   3.070038648392e-04
     471   3.043468645442e-04
     472   3.016597544865e-04
     473   2.999223890402e-04
     474   2.987861172684e-04
     475   2.978525333753e-04
     476   2.963729441703e-04
     477   2.941499177621e-04
     478   2.920161657145e-04
     479   2.911204149195e-04
     480   2.902209844506e-04
     481   2.894188859582e-04
     482   2.887634206012e-04
     483   2.880793576611e-04
     484   2.876856256244e-04
     485   2.873114018672e-04
     486   2.869943268778e-04
     487   2.866749870603e-04
     488   2.862949644725e-04
     489   2.856972072109e-04
     490   2.848444474347e-04
     491   2.841493002894e-04
     492   2.835384890116e-04
     493   2.827975723723e-04
     494   2.821202268070e-04
     495   2.812454767909e-04
     496   2.801004285666e-04
     497   2.787352179016e-04
     498   2.775372092081e-04
     499   2.765328332793e-04
     500   2.753994066886e-04
