# iteration    cost = 1 - F_e
# Nlayers = 5, r_target = 0.8, cutoffA = 10, cutoffB = 2
       0   8.885088441899e-01
       1   7.873663344240e-01
       2   7.860883957081e-01
       3   7.836856518910e-01
       4   7.796134268767e-01
       5   7.760995606734e-01
       6   7.759973220936e-01
       7   7.758636798262e-01
       8   7.758214558104e-01
       9   7.757977718732e-01
      10   7.757833648228e-01
      11   7.757751884781e-01
      12   7.757630100952e-01
      13   7.757476323064e-01
      14   7.757343232904e-01
      15   7.757285544799e-01
      16   7.757268689757e-01
      17   7.757259325405e-01
      18   7.757247977571e-01
      19   7.757238637686e-01
      20   7.757233205003e-01
      21   7.757229390367e-01
      22   7.757223274508e-01
      23   7.757213041374e-01
      24   7.757196152704e-01
      25   7.757171527658e-01
      26   7.757153922306e-01
      27   7.757144080352e-01
      28   7.757137791836e-01
      29   7.757132609989e-01
      30   7.757128114792e-01
      31   7.757126122568e-01
      32   7.757125467421e-01
      33   7.757124908088e-01
      34   7.757123937526e-01
      35   7.757122224957e-01
      36   7.757119298179e-01
      37   7.757114898405e-01
      38   7.757111647491e-01
      39   7.757110278119e-01
      40   7.757109669147e-01
      41   7.757109464721e-01
      42   7.757109181157e-01
      43   7.757108870895e-01
      44   7.757108591685e-01
      45   7.757108343326e-01
      46   7.757107952863e-01
      47   7.757107283250e-01
      48   7.757106103184e-01
      49   7.757104056753e-01
      50   7.757100785591e-01
      51   7.757097120419e-01
      52   7.757095312984e-01
      53   7.757093662184e-01
      54   7.757092557963e-01
      55   7.757090794686e-01
      56   7.757088099588e-01
      57   7.757085116143e-01
      58   7.757083124280e-01
      59   7.757081798784e-01
      60   7.757080559403e-01
      61   7.757078873171e-01
      62   7.757077339775e-01
      63   7.757076565929e-01
      64   7.757076243040e-01
      65   7.757075848415e-01
      66   7.757075150051e-01
      67   7.757073865399e-01
      68   7.757071471707e-01
      69   7.757067009820e-01
      70   7.757058755336e-01
      71   7.757043720721e-01
      72   7.757016951951e-01
      73   7.756970737886e-01
      74   7.756894860257e-01
      75   7.756786836045e-01
      76   7.756657844727e-01
      77   7.756455885834e-01
      78   7.756214051274e-01
      79   7.756092028964e-01
      80   7.756010984588e-01
      81   7.755934887257e-01
      82   7.755831243375e-01
      83   7.755765490149e-01
      84   7.755718765083e-01
      85   7.755709417770e-01
      86   7.755704765712e-01
      87   7.755703404437e-01
      88   7.755703011914e-01
      89   7.755702960617e-01
      90   7.755702955029e-01
