# iteration    cost = 1 - F_e
# Nlayers = 6, r_target = 0.8, cutoffA = 10, cutoffB = 2
       0   9.755354811969e-01
       1   9.720659938093e-01
       2   9.662869248076e-01
       3   9.588526298429e-01
       4   9.499135348844e-01
       5   9.366414104600e-01
       6   9.128888715792e-01
       7   8.962320081326e-01
       8   8.769386444118e-01
       9   8.448385340894e-01
      10   8.144081696546e-01
      11   7.997238465846e-01
      12   7.760159128120e-01
      13   7.485554661899e-01
      14   7.169692673366e-01
      15   6.633767848226e-01
      16   5.928643891161e-01
      17   5.706137026528e-01
      18   5.429932689736e-01
      19   5.155905336858e-01
      20   4.955997639136e-01
      21   4.679970961900e-01
      22   4.570371581761e-01
      23   4.516283730566e-01
      24   4.472866966574e-01
      25   4.446477230403e-01
      26   4.423218344340e-01
      27   4.388053599095e-01
      28   4.328687518717e-01
      29   4.240062276442e-01
      30   4.137811176195e-01
      31   3.983263512692e-01
      32   3.722569651484e-01
      33   3.340673939941e-01
      34   3.064952543445e-01
      35   2.901812906858e-01
      36   2.728314706160e-01
      37   2.587913112194e-01
      38   2.428537366745e-01
      39   2.198122424829e-01
      40   1.926106641744e-01
      41   1.734554830783e-01
      42   1.610794535535e-01
      43   1.503475317641e-01
      44   1.399953032511e-01
      45   1.281683533473e-01
      46   1.179169697779e-01
      47   1.139922895278e-01
      48   1.108106242994e-01
      49   1.089490090166e-01
      50   1.074760104161e-01
      51   1.067991420273e-01
      52   1.066908324789e-01
      53   1.065708557477e-01
      54   1.065127335307e-01
      55   1.064672838161e-01
      56   1.064547815835e-01
      57   1.064442152075e-01
      58   1.064362479953e-01
      59   1.064270387934e-01
      60   1.064180064736e-01
      61   1.064130132118e-01
      62   1.064112645876e-01
      63   1.064108857393e-01
      64   1.064108037236e-01
      65   1.064107816899e-01
      66   1.064107729057e-01
      67   1.064107674116e-01
      68   1.064107646318e-01
      69   1.064107638017e-01
      70   1.064107635790e-01
