# iteration    cost = 1 - F_e
# Nlayers = 7, r_target = 0.8, cutoffA = 10, cutoffB = 2
       0   2.257196151904e-01
       1   1.638996885754e-01
       2   1.129875885704e-01
       3   1.082183189388e-01
       4   1.074107972007e-01
       5   1.072100932502e-01
       6   1.069514621840e-01
       7   1.066155377518e-01
       8   1.061960604706e-01
       9   1.060371799121e-01
      10   1.057787038488e-01
      11   1.053716537953e-01
      12   1.048210398344e-01
      13   1.045852601716e-01
      14   1.043283676931e-01
      15   1.041011388316e-01
      16   1.036724537419e-01
      17   1.028466730475e-01
      18   1.013320899757e-01
      19   9.938820667899e-02
      20   9.740209113662e-02
      21   9.378233137680e-02
      22   8.757336396174e-02
      23   7.998809572861e-02
      24   7.430185031954e-02
      25   6.427418242687e-02
      26   4.870844600879e-02
      27   4.119912545053e-02
      28   3.373186004963e-02
      29   2.895008566613e-02
      30   2.411639487176e-02
      31   1.859303042944e-02
      32   1.530900549016e-02
      33   1.272524458022e-02
      34   1.100989173579e-02
      35   9.368522722417e-03
      36   8.367414453470e-03
      37   7.931445450738e-03
      38   7.756891755428e-03
      39   7.579149555432e-03
      40   7.513010067437e-03
      41   7.438921026169e-03
      42   7.346589388489e-03
      43   7.301517200391e-03
      44   7.272688555507e-03
      45   7.264273690919e-03
      46   7.259612139521e-03
      47   7.252048583943e-03
      48   7.240580189813e-03
      49   7.230217855512e-03
      50   7.224676088495e-03
      51   7.219876254981e-03
      52   7.216977263357e-03
      53   7.214561315537e-03
      54   7.212396397708e-03
      55   7.209952149320e-03
      56   7.207492196177e-03
      57   7.205687837380e-03
      58   7.204746974527e-03
      59   7.204159718160e-03
      60   7.203502383585e-03
      61   7.202646970230e-03
      62   7.201705507812e-03
      63   7.200873839709e-03
      64   7.200233260947e-03
      65   7.199745702171e-03
      66   7.199380019884e-03
      67   7.199134244821e-03
      68   7.199000516696e-03
      69   7.198944381749e-03
      70   7.198924147683e-03
      71   7.198913577289e-03
      72   7.198902228800e-03
      73   7.198888587384e-03
      74   7.198877868691e-03
      75   7.198873910787e-03
      76   7.198873322606e-03
