# iteration    cost = 1 - F_e
# Nlayers = 2, r_target = 0.8, cutoffA = 10, cutoffB = 2
       0   9.973444371063e-01
       1   9.642385172330e-01
       2   9.641894711468e-01
       3   9.623808380085e-01
       4   9.606787310119e-01
       5   9.589173347517e-01
       6   9.381238046814e-01
       7   9.367902823263e-01
       8   8.647076017603e-01
       9   8.372060497835e-01
      10   8.324022730318e-01
      11   8.247439040041e-01
      12   8.195438516258e-01
      13   8.184261627770e-01
      14   8.170215801858e-01
      15   8.157044920647e-01
      16   8.154317791164e-01
      17   8.152509522382e-01
      18   8.151271506401e-01
      19   8.149509027498e-01
      20   8.148507359696e-01
      21   8.148271857604e-01
      22   8.148230666747e-01
      23   8.148199366718e-01
      24   8.148152880082e-01
      25   8.148117172983e-01
      26   8.148107639418e-01
      27   8.148106607888e-01
      28   8.148106580082e-01
