# iteration    cost = 1 - F_e
# Nlayers = 8, r_target = 0.8, cutoffA = 10, cutoffB = 2
       0   7.130688888601e-01
       1   4.077273677933e-02
       2   1.820269702526e-02
       3   1.489100938621e-02
       4   1.055247777169e-02
       5   8.519646594779e-03
       6   8.260208975992e-03
       7   7.860846437749e-03
       8   7.372409816006e-03
       9   7.286490758750e-03
      10   7.259586151438e-03
      11   7.252625102949e-03
      12   7.243224619280e-03
      13   7.232773424065e-03
      14   7.228243574003e-03
      15   7.221664407179e-03
      16   7.213285886917e-03
      17   7.209059996066e-03
      18   7.206758747390e-03
      19   7.203944004875e-03
      20   7.201085603392e-03
      21   7.198730453452e-03
      22   7.196896349478e-03
      23   7.196589181075e-03
      24   7.196104697108e-03
      25   7.195304846772e-03
      26   7.194246994884e-03
      27   7.193734677896e-03
      28   7.193400543420e-03
      29   7.193286883239e-03
      30   7.193269941284e-03
      31   7.193258548500e-03
      32   7.193244528740e-03
      33   7.193232769671e-03
      34   7.193217866288e-03
      35   7.193202952843e-03
      36   7.193191837914e-03
      37   7.193184517758e-03
      38   7.193175795177e-03
      39   7.193161027757e-03
      40   7.193135396531e-03
      41   7.193091961529e-03
      42   7.193025515786e-03
      43   7.192963490822e-03
      44   7.192922171832e-03
      45   7.192879446107e-03
      46   7.192833589675e-03
      47   7.192757079515e-03
      48   7.192626893296e-03
      49   7.192408952502e-03
      50   7.192063041422e-03
      51   7.191554848704e-03
      52   7.190884082136e-03
      53   7.189779989783e-03
      54   7.187981066055e-03
      55   7.185136042017e-03
      56   7.181095697600e-03
      57   7.179055264081e-03
      58   7.175967575842e-03
      59   7.172698215176e-03
      60   7.170563735389e-03
      61   7.168337152505e-03
      62   7.164720152111e-03
      63   7.159251699998e-03
      64   7.152332307104e-03
      65   7.149465480091e-03
      66   7.144844731084e-03
      67   7.139061969069e-03
      68   7.133228196296e-03
      69   7.128997770239e-03
      70   7.124667800896e-03
      71   7.117250864298e-03
      72   7.106536459587e-03
      73   7.097713695973e-03
      74   7.092530775891e-03
      75   7.084502376981e-03
      76   7.074816713045e-03
      77   7.072082513648e-03
      78   7.070515165049e-03
      79   7.069586204900e-03
      80   7.067966089133e-03
      81   7.065060927795e-03
      82   7.059832945182e-03
      83   7.050583965756e-03
      84   7.035178160009e-03
      85   7.014264557673e-03
      86   6.995938914391e-03
      87   6.971669235147e-03
      88   6.963550434783e-03
      89   6.959168304361e-03
      90   6.952146325397e-03
      91   6.940565610253e-03
      92   6.921771509076e-03
      93   6.894106186954e-03
      94   6.876057936802e-03
      95   6.864879332797e-03
      96   6.858981058571e-03
      97   6.857414076889e-03
      98   6.856005410046e-03
      99   6.853627536033e-03
     100   6.849659608332e-03
     101   6.843619602421e-03
     102   6.836812894585e-03
     103   6.827899945054e-03
     104   6.813557863379e-03
     105   6.790682201830e-03
     106   6.752376324685e-03
     107   6.721966386011e-03
     108   6.681587534571e-03
     109   6.635122246325e-03
     110   6.556335017055e-03
     111   6.493618858720e-03
     112   6.402967200286e-03
     113   6.331941826413e-03
     114   6.299995271390e-03
     115   6.262856176044e-03
     116   6.216343107661e-03
     117   6.174224417298e-03
     118   6.137968034671e-03
     119   6.097153342805e-03
     120   6.030415837472e-03
     121   5.914991623013e-03
     122   5.768287361965e-03
     123   5.602277947167e-03
     124   5.396073272492e-03
     125   5.143838899491e-03
     126   5.016953137354e-03
     127   4.839879379052e-03
     128   4.772527233428e-03
     129   4.666325453667e-03
     130   4.520328708703e-03
     131   4.460518859217e-03
     132   4.364251891074e-03
     133   4.261511383163e-03
     134   4.172285075198e-03
     135   4.021313402352e-03
     136   3.854298360666e-03
     137   3.742203110783e-03
     138   3.557025682684e-03
     139   3.317815925152e-03
     140   3.123204600599e-03
     141   2.944079402575e-03
     142   2.764834439547e-03
     143   2.651008896431e-03
     144   2.557409878972e-03
     145   2.473905004683e-03
     146   2.405065609486e-03
     147   2.364137277623e-03
     148   2.316550147337e-03
     149   2.296567278065e-03
     150   2.261217222819e-03
     151   2.201702463427e-03
     152   2.129448046299e-03
     153   2.094384622004e-03
     154   2.049970745751e-03
     155   2.014894404291e-03
     156   2.000509519412e-03
     157   1.980893238798e-03
     158   1.950141109019e-03
     159   1.909597156301e-03
     160   1.872900126968e-03
     161   1.830590584566e-03
     162   1.793895817435e-03
     163   1.748831503265e-03
     164   1.724049510233e-03
     165   1.694961331494e-03
     166   1.675014395738e-03
     167   1.651648292058e-03
     168   1.636371375677e-03
     169   1.629469897280e-03
     170   1.623501519245e-03
     171   1.616522450330e-03
     172   1.605256528969e-03
     173   1.587357336056e-03
     174   1.559489290046e-03
     175   1.519677408481e-03
     176   1.465657001461e-03
     177   1.395692842969e-03
     178   1.357482873594e-03
     179   1.331410961416e-03
     180   1.313139781468e-03
     181   1.302235740914e-03
     182   1.288125302010e-03
     183   1.275957722873e-03
     184   1.265374474466e-03
     185   1.260836249594e-03
     186   1.256432677068e-03
     187   1.255932018567e-03
     188   1.255155104449e-03
     189   1.254447922067e-03
     190   1.254096247866e-03
     191   1.253542122795e-03
     192   1.252955849864e-03
     193   1.252717008865e-03
     194   1.252511239150e-03
     195   1.252408230747e-03
     196   1.252340582727e-03
     197   1.252303165085e-03
     198   1.252287076152e-03
     199   1.252277415018e-03
     200   1.252268209356e-03
     201   1.252255643960e-03
     202   1.252240176190e-03
     203   1.252218437778e-03
     204   1.252197372491e-03
     205   1.252184651165e-03
     206   1.252177464316e-03
     207   1.252169625683e-03
     208   1.252157847797e-03
     209   1.252144227086e-03
     210   1.252131790223e-03
     211   1.252121351570e-03
     212   1.252112068072e-03
     213   1.252105371399e-03
     214   1.252102990943e-03
     215   1.252102594533e-03
