# nlayer   iteration    cost = 1 - F_e
# r_target = 0.8, cutoffA = 10, cutoffB = 2
     1          0   9.927690790278e-01
     1          1   9.480644566782e-01
     1          2   9.466540348015e-01
     1          3   8.785682406272e-01
     1          4   8.676460208986e-01
     1          5   8.478267331294e-01
     1          6   8.192240670139e-01
     1          7   8.150701195688e-01
     1          8   8.149016871570e-01
     1          9   8.148959820041e-01
     1         10   8.148950960080e-01
     1         11   8.148950947264e-01

     2          0   9.973444371063e-01
     2          1   9.642385172330e-01
     2          2   9.641894711468e-01
     2          3   9.623808380085e-01
     2          4   9.606787310119e-01
     2          5   9.589173347517e-01
     2          6   9.381238046814e-01
     2          7   9.367902823263e-01
     2          8   8.647076017603e-01
     2          9   8.372060497835e-01
     2         10   8.324022730318e-01
     2         11   8.247439040041e-01
     2         12   8.195438516258e-01
     2         13   8.184261627770e-01
     2         14   8.170215801858e-01
     2         15   8.157044920647e-01
     2         16   8.154317791164e-01
     2         17   8.152509522382e-01
     2         18   8.151271506401e-01
     2         19   8.149509027498e-01
     2         20   8.148507359696e-01
     2         21   8.148271857604e-01
     2         22   8.148230666747e-01
     2         23   8.148199366718e-01
     2         24   8.148152880082e-01
     2         25   8.148117172983e-01
     2         26   8.148107639418e-01
     2         27   8.148106607888e-01
     2         28   8.148106580082e-01

     3          0   8.586581148157e-01
     3          1   8.206143031697e-01
     3          2   8.184374794241e-01
     3          3   8.160053547194e-01
     3          4   8.156870980748e-01
     3          5   8.152107941943e-01
     3          6   8.150056754339e-01
     3          7   8.149756389688e-01
     3          8   8.149280890042e-01
     3          9   8.148795769511e-01
     3         10   8.148609221028e-01
     3         11   8.148479968179e-01
     3         12   8.148410632029e-01
     3         13   8.148342303508e-01
     3         14   8.148292877097e-01
     3         15   8.148247769340e-01
     3         16   8.148196886076e-01
     3         17   8.148140535140e-01
     3         18   8.148105395331e-01
     3         19   8.148095502308e-01
     3         20   8.148093198735e-01
     3         21   8.148091382325e-01
     3         22   8.148089304465e-01
     3         23   8.148088095963e-01
     3         24   8.148087800949e-01
     3         25   8.148087760879e-01
     3         26   8.148087733928e-01
     3         27   8.148087684991e-01
     3         28   8.148087593702e-01
     3         29   8.148087422267e-01
     3         30   8.148087100845e-01
     3         31   8.148086503182e-01
     3         32   8.148085404138e-01
     3         33   8.148083404491e-01
     3         34   8.148079772580e-01
     3         35   8.148073138570e-01
     3         36   8.148061530221e-01
     3         37   8.148048709206e-01
     3         38   8.147874767410e-01
     3         39   8.147757648962e-01
     3         40   8.147558058012e-01
     3         41   8.147190751007e-01
     3         42   8.146551552379e-01
     3         43   8.145819903238e-01
     3         44   8.145722145490e-01
     3         45   8.145640128685e-01
     3         46   8.145512836866e-01
     3         47   8.145334406384e-01
     3         48   8.145026190313e-01
     3         49   8.142153300389e-01
     3         50   8.140328506488e-01
     3         51   8.139131068968e-01
     3         52   8.137211638790e-01
     3         53   8.133679222917e-01
     3         54   8.127080234902e-01
     3         55   8.115024221573e-01
     3         56   8.096487384955e-01
     3         57   8.080276490686e-01
     3         58   8.076431870986e-01
     3         59   8.071084566681e-01
     3         60   8.062866460980e-01
     3         61   8.056100891193e-01
     3         62   8.055078172146e-01
     3         63   8.054750341864e-01
     3         64   8.054453203805e-01
     3         65   8.053909606278e-01
     3         66   8.052897050035e-01
     3         67   8.051033550896e-01
     3         68   8.047824597202e-01
     3         69   8.044410452218e-01
     3         70   8.043760873295e-01
     3         71   8.043587426598e-01
     3         72   8.043517280467e-01
     3         73   8.043483870259e-01
     3         74   8.043477823884e-01
     3         75   8.043477415015e-01
     3         76   8.043477389725e-01

     4          0   9.893032279325e-01
     4          1   9.388985647288e-01
     4          2   9.327012327779e-01
     4          3   8.737943455458e-01
     4          4   8.555207944963e-01
     4          5   8.398271132403e-01
     4          6   8.196593207830e-01
     4          7   8.170867267429e-01
     4          8   8.165742389397e-01
     4          9   8.158699097976e-01
     4         10   8.154046694129e-01
     4         11   8.149591715192e-01
     4         12   8.148202350119e-01
     4         13   8.147710580109e-01
     4         14   8.147269989916e-01
     4         15   8.146581260849e-01
     4         16   8.145790670123e-01
     4         17   8.145432563137e-01
     4         18   8.145272013761e-01
     4         19   8.145188592080e-01
     4         20   8.145111041808e-01
     4         21   8.145061404533e-01
     4         22   8.145023616530e-01
     4         23   8.144973351918e-01
     4         24   8.144892109319e-01
     4         25   8.144766178197e-01
     4         26   8.144617498628e-01
     4         27   8.144502862981e-01
     4         28   8.144372973507e-01
     4         29   8.144230225155e-01
     4         30   8.144030048963e-01
     4         31   8.143843121389e-01
     4         32   8.143696494109e-01
     4         33   8.143544111999e-01
     4         34   8.143285786748e-01
     4         35   8.142831798532e-01
     4         36   8.142063676712e-01
     4         37   8.140988207041e-01
     4         38   8.139787379970e-01
     4         39   8.137791196641e-01
     4         40   8.135557156957e-01
     4         41   8.132198575594e-01
     4         42   8.126106921440e-01
     4         43   8.118049665273e-01
     4         44   8.103963793333e-01
     4         45   8.080479370052e-01
     4         46   8.052152176859e-01
     4         47   8.043992444183e-01
     4         48   8.038846308695e-01
     4         49   8.037699054722e-01
     4         50   8.036008817231e-01
     4         51   8.033140361610e-01
     4         52   8.028343975530e-01
     4         53   8.020813884819e-01
     4         54   8.010306842838e-01
     4         55   8.002561638043e-01
     4         56   7.999402253509e-01
     4         57   7.995719033287e-01
     4         58   7.989353913345e-01
     4         59   7.978366141101e-01
     4         60   7.960852262628e-01
     4         61   7.931767099671e-01
     4         62   7.909088060182e-01
     4         63   7.877539900027e-01
     4         64   7.857131884570e-01
     4         65   7.825430281139e-01
     4         66   7.801030962982e-01
     4         67   7.792829714393e-01
     4         68   7.785878800379e-01
     4         69   7.783434092055e-01
     4         70   7.779466054262e-01
     4         71   7.772499710492e-01
     4         72   7.763811735152e-01
     4         73   7.761721532839e-01
     4         74   7.760698188536e-01
     4         75   7.760384445499e-01
     4         76   7.759876327097e-01
     4         77   7.759079679785e-01
     4         78   7.758130562858e-01
     4         79   7.757678471959e-01
     4         80   7.757585541499e-01
     4         81   7.757571181087e-01
     4         82   7.757569790244e-01
     4         83   7.757569705497e-01

     5          0   8.885088441899e-01
     5          1   7.873663344240e-01
     5          2   7.860883957081e-01
     5          3   7.836856518910e-01
     5          4   7.796134268767e-01
     5          5   7.760995606734e-01
     5          6   7.759973220936e-01
     5          7   7.758636798262e-01
     5          8   7.758214558104e-01
     5          9   7.757977718732e-01
     5         10   7.757833648228e-01
     5         11   7.757751884781e-01
     5         12   7.757630100952e-01
     5         13   7.757476323064e-01
     5         14   7.757343232904e-01
     5         15   7.757285544799e-01
     5         16   7.757268689757e-01
     5         17   7.757259325405e-01
     5         18   7.757247977571e-01
     5         19   7.757238637686e-01
     5         20   7.757233205003e-01
     5         21   7.757229390367e-01
     5         22   7.757223274508e-01
     5         23   7.757213041374e-01
     5         24   7.757196152704e-01
     5         25   7.757171527658e-01
     5         26   7.757153922306e-01
     5         27   7.757144080352e-01
     5         28   7.757137791836e-01
     5         29   7.757132609989e-01
     5         30   7.757128114792e-01
     5         31   7.757126122568e-01
     5         32   7.757125467421e-01
     5         33   7.757124908088e-01
     5         34   7.757123937526e-01
     5         35   7.757122224957e-01
     5         36   7.757119298179e-01
     5         37   7.757114898405e-01
     5         38   7.757111647491e-01
     5         39   7.757110278119e-01
     5         40   7.757109669147e-01
     5         41   7.757109464721e-01
     5         42   7.757109181157e-01
     5         43   7.757108870895e-01
     5         44   7.757108591685e-01
     5         45   7.757108343326e-01
     5         46   7.757107952863e-01
     5         47   7.757107283250e-01
     5         48   7.757106103184e-01
     5         49   7.757104056753e-01
     5         50   7.757100785591e-01
     5         51   7.757097120419e-01
     5         52   7.757095312984e-01
     5         53   7.757093662184e-01
     5         54   7.757092557963e-01
     5         55   7.757090794686e-01
     5         56   7.757088099588e-01
     5         57   7.757085116143e-01
     5         58   7.757083124280e-01
     5         59   7.757081798784e-01
     5         60   7.757080559403e-01
     5         61   7.757078873171e-01
     5         62   7.757077339775e-01
     5         63   7.757076565929e-01
     5         64   7.757076243040e-01
     5         65   7.757075848415e-01
     5         66   7.757075150051e-01
     5         67   7.757073865399e-01
     5         68   7.757071471707e-01
     5         69   7.757067009820e-01
     5         70   7.757058755336e-01
     5         71   7.757043720721e-01
     5         72   7.757016951951e-01
     5         73   7.756970737886e-01
     5         74   7.756894860257e-01
     5         75   7.756786836045e-01
     5         76   7.756657844727e-01
     5         77   7.756455885834e-01
     5         78   7.756214051274e-01
     5         79   7.756092028964e-01
     5         80   7.756010984588e-01
     5         81   7.755934887257e-01
     5         82   7.755831243375e-01
     5         83   7.755765490149e-01
     5         84   7.755718765083e-01
     5         85   7.755709417770e-01
     5         86   7.755704765712e-01
     5         87   7.755703404437e-01
     5         88   7.755703011914e-01
     5         89   7.755702960617e-01
     5         90   7.755702955029e-01

     6          0   9.755354811969e-01
     6          1   9.720659938093e-01
     6          2   9.662869248076e-01
     6          3   9.588526298429e-01
     6          4   9.499135348844e-01
     6          5   9.366414104600e-01
     6          6   9.128888715792e-01
     6          7   8.962320081326e-01
     6          8   8.769386444118e-01
     6          9   8.448385340894e-01
     6         10   8.144081696546e-01
     6         11   7.997238465846e-01
     6         12   7.760159128120e-01
     6         13   7.485554661899e-01
     6         14   7.169692673366e-01
     6         15   6.633767848226e-01
     6         16   5.928643891161e-01
     6         17   5.706137026528e-01
     6         18   5.429932689736e-01
     6         19   5.155905336858e-01
     6         20   4.955997639136e-01
     6         21   4.679970961900e-01
     6         22   4.570371581761e-01
     6         23   4.516283730566e-01
     6         24   4.472866966574e-01
     6         25   4.446477230403e-01
     6         26   4.423218344340e-01
     6         27   4.388053599095e-01
     6         28   4.328687518717e-01
     6         29   4.240062276442e-01
     6         30   4.137811176195e-01
     6         31   3.983263512692e-01
     6         32   3.722569651484e-01
     6         33   3.340673939941e-01
     6         34   3.064952543445e-01
     6         35   2.901812906858e-01
     6         36   2.728314706160e-01
     6         37   2.587913112194e-01
     6         38   2.428537366745e-01
     6         39   2.198122424829e-01
     6         40   1.926106641744e-01
     6         41   1.734554830783e-01
     6         42   1.610794535535e-01
     6         43   1.503475317641e-01
     6         44   1.399953032511e-01
     6         45   1.281683533473e-01
     6         46   1.179169697779e-01
     6         47   1.139922895278e-01
     6         48   1.108106242994e-01
     6         49   1.089490090166e-01
     6         50   1.074760104161e-01
     6         51   1.067991420273e-01
     6         52   1.066908324789e-01
     6         53   1.065708557477e-01
     6         54   1.065127335307e-01
     6         55   1.064672838161e-01
     6         56   1.064547815835e-01
     6         57   1.064442152075e-01
     6         58   1.064362479953e-01
     6         59   1.064270387934e-01
     6         60   1.064180064736e-01
     6         61   1.064130132118e-01
     6         62   1.064112645876e-01
     6         63   1.064108857393e-01
     6         64   1.064108037236e-01
     6         65   1.064107816899e-01
     6         66   1.064107729057e-01
     6         67   1.064107674116e-01
     6         68   1.064107646318e-01
     6         69   1.064107638017e-01
     6         70   1.064107635790e-01

     7          0   2.257196151904e-01
     7          1   1.638996885754e-01
     7          2   1.129875885704e-01
     7          3   1.082183189388e-01
     7          4   1.074107972007e-01
     7          5   1.072100932502e-01
     7          6   1.069514621840e-01
     7          7   1.066155377518e-01
     7          8   1.061960604706e-01
     7          9   1.060371799121e-01
     7         10   1.057787038488e-01
     7         11   1.053716537953e-01
     7         12   1.048210398344e-01
     7         13   1.045852601716e-01
     7         14   1.043283676931e-01
     7         15   1.041011388316e-01
     7         16   1.036724537419e-01
     7         17   1.028466730475e-01
     7         18   1.013320899757e-01
     7         19   9.938820667899e-02
     7         20   9.740209113662e-02
     7         21   9.378233137680e-02
     7         22   8.757336396174e-02
     7         23   7.998809572861e-02
     7         24   7.430185031954e-02
     7         25   6.427418242687e-02
     7         26   4.870844600879e-02
     7         27   4.119912545053e-02
     7         28   3.373186004963e-02
     7         29   2.895008566613e-02
     7         30   2.411639487176e-02
     7         31   1.859303042944e-02
     7         32   1.530900549016e-02
     7         33   1.272524458022e-02
     7         34   1.100989173579e-02
     7         35   9.368522722417e-03
     7         36   8.367414453470e-03
     7         37   7.931445450738e-03
     7         38   7.756891755428e-03
     7         39   7.579149555432e-03
     7         40   7.513010067437e-03
     7         41   7.438921026169e-03
     7         42   7.346589388489e-03
     7         43   7.301517200391e-03
     7         44   7.272688555507e-03
     7         45   7.264273690919e-03
     7         46   7.259612139521e-03
     7         47   7.252048583943e-03
     7         48   7.240580189813e-03
     7         49   7.230217855512e-03
     7         50   7.224676088495e-03
     7         51   7.219876254981e-03
     7         52   7.216977263357e-03
     7         53   7.214561315537e-03
     7         54   7.212396397708e-03
     7         55   7.209952149320e-03
     7         56   7.207492196177e-03
     7         57   7.205687837380e-03
     7         58   7.204746974527e-03
     7         59   7.204159718160e-03
     7         60   7.203502383585e-03
     7         61   7.202646970230e-03
     7         62   7.201705507812e-03
     7         63   7.200873839709e-03
     7         64   7.200233260947e-03
     7         65   7.199745702171e-03
     7         66   7.199380019884e-03
     7         67   7.199134244821e-03
     7         68   7.199000516696e-03
     7         69   7.198944381749e-03
     7         70   7.198924147683e-03
     7         71   7.198913577289e-03
     7         72   7.198902228800e-03
     7         73   7.198888587384e-03
     7         74   7.198877868691e-03
     7         75   7.198873910787e-03
     7         76   7.198873322606e-03

     8          0   7.130688888601e-01
     8          1   4.077273677933e-02
     8          2   1.820269702526e-02
     8          3   1.489100938621e-02
     8          4   1.055247777169e-02
     8          5   8.519646594779e-03
     8          6   8.260208975992e-03
     8          7   7.860846437749e-03
     8          8   7.372409816006e-03
     8          9   7.286490758750e-03
     8         10   7.259586151438e-03
     8         11   7.252625102949e-03
     8         12   7.243224619280e-03
     8         13   7.232773424065e-03
     8         14   7.228243574003e-03
     8         15   7.221664407179e-03
     8         16   7.213285886917e-03
     8         17   7.209059996066e-03
     8         18   7.206758747390e-03
     8         19   7.203944004875e-03
     8         20   7.201085603392e-03
     8         21   7.198730453452e-03
     8         22   7.196896349478e-03
     8         23   7.196589181075e-03
     8         24   7.196104697108e-03
     8         25   7.195304846772e-03
     8         26   7.194246994884e-03
     8         27   7.193734677896e-03
     8         28   7.193400543420e-03
     8         29   7.193286883239e-03
     8         30   7.193269941284e-03
     8         31   7.193258548500e-03
     8         32   7.193244528740e-03
     8         33   7.193232769671e-03
     8         34   7.193217866288e-03
     8         35   7.193202952843e-03
     8         36   7.193191837914e-03
     8         37   7.193184517758e-03
     8         38   7.193175795177e-03
     8         39   7.193161027757e-03
     8         40   7.193135396531e-03
     8         41   7.193091961529e-03
     8         42   7.193025515786e-03
     8         43   7.192963490822e-03
     8         44   7.192922171832e-03
     8         45   7.192879446107e-03
     8         46   7.192833589675e-03
     8         47   7.192757079515e-03
     8         48   7.192626893296e-03
     8         49   7.192408952502e-03
     8         50   7.192063041422e-03
     8         51   7.191554848704e-03
     8         52   7.190884082136e-03
     8         53   7.189779989783e-03
     8         54   7.187981066055e-03
     8         55   7.185136042017e-03
     8         56   7.181095697600e-03
     8         57   7.179055264081e-03
     8         58   7.175967575842e-03
     8         59   7.172698215176e-03
     8         60   7.170563735389e-03
     8         61   7.168337152505e-03
     8         62   7.164720152111e-03
     8         63   7.159251699998e-03
     8         64   7.152332307104e-03
     8         65   7.149465480091e-03
     8         66   7.144844731084e-03
     8         67   7.139061969069e-03
     8         68   7.133228196296e-03
     8         69   7.128997770239e-03
     8         70   7.124667800896e-03
     8         71   7.117250864298e-03
     8         72   7.106536459587e-03
     8         73   7.097713695973e-03
     8         74   7.092530775891e-03
     8         75   7.084502376981e-03
     8         76   7.074816713045e-03
     8         77   7.072082513648e-03
     8         78   7.070515165049e-03
     8         79   7.069586204900e-03
     8         80   7.067966089133e-03
     8         81   7.065060927795e-03
     8         82   7.059832945182e-03
     8         83   7.050583965756e-03
     8         84   7.035178160009e-03
     8         85   7.014264557673e-03
     8         86   6.995938914391e-03
     8         87   6.971669235147e-03
     8         88   6.963550434783e-03
     8         89   6.959168304361e-03
     8         90   6.952146325397e-03
     8         91   6.940565610253e-03
     8         92   6.921771509076e-03
     8         93   6.894106186954e-03
     8         94   6.876057936802e-03
     8         95   6.864879332797e-03
     8         96   6.858981058571e-03
     8         97   6.857414076889e-03
     8         98   6.856005410046e-03
     8         99   6.853627536033e-03
     8        100   6.849659608332e-03
     8        101   6.843619602421e-03
     8        102   6.836812894585e-03
     8        103   6.827899945054e-03
     8        104   6.813557863379e-03
     8        105   6.790682201830e-03
     8        106   6.752376324685e-03
     8        107   6.721966386011e-03
     8        108   6.681587534571e-03
     8        109   6.635122246325e-03
     8        110   6.556335017055e-03
     8        111   6.493618858720e-03
     8        112   6.402967200286e-03
     8        113   6.331941826413e-03
     8        114   6.299995271390e-03
     8        115   6.262856176044e-03
     8        116   6.216343107661e-03
     8        117   6.174224417298e-03
     8        118   6.137968034671e-03
     8        119   6.097153342805e-03
     8        120   6.030415837472e-03
     8        121   5.914991623013e-03
     8        122   5.768287361965e-03
     8        123   5.602277947167e-03
     8        124   5.396073272492e-03
     8        125   5.143838899491e-03
     8        126   5.016953137354e-03
     8        127   4.839879379052e-03
     8        128   4.772527233428e-03
     8        129   4.666325453667e-03
     8        130   4.520328708703e-03
     8        131   4.460518859217e-03
     8        132   4.364251891074e-03
     8        133   4.261511383163e-03
     8        134   4.172285075198e-03
     8        135   4.021313402352e-03
     8        136   3.854298360666e-03
     8        137   3.742203110783e-03
     8        138   3.557025682684e-03
     8        139   3.317815925152e-03
     8        140   3.123204600599e-03
     8        141   2.944079402575e-03
     8        142   2.764834439547e-03
     8        143   2.651008896431e-03
     8        144   2.557409878972e-03
     8        145   2.473905004683e-03
     8        146   2.405065609486e-03
     8        147   2.364137277623e-03
     8        148   2.316550147337e-03
     8        149   2.296567278065e-03
     8        150   2.261217222819e-03
     8        151   2.201702463427e-03
     8        152   2.129448046299e-03
     8        153   2.094384622004e-03
     8        154   2.049970745751e-03
     8        155   2.014894404291e-03
     8        156   2.000509519412e-03
     8        157   1.980893238798e-03
     8        158   1.950141109019e-03
     8        159   1.909597156301e-03
     8        160   1.872900126968e-03
     8        161   1.830590584566e-03
     8        162   1.793895817435e-03
     8        163   1.748831503265e-03
     8        164   1.724049510233e-03
     8        165   1.694961331494e-03
     8        166   1.675014395738e-03
     8        167   1.651648292058e-03
     8        168   1.636371375677e-03
     8        169   1.629469897280e-03
     8        170   1.623501519245e-03
     8        171   1.616522450330e-03
     8        172   1.605256528969e-03
     8        173   1.587357336056e-03
     8        174   1.559489290046e-03
     8        175   1.519677408481e-03
     8        176   1.465657001461e-03
     8        177   1.395692842969e-03
     8        178   1.357482873594e-03
     8        179   1.331410961416e-03
     8        180   1.313139781468e-03
     8        181   1.302235740914e-03
     8        182   1.288125302010e-03
     8        183   1.275957722873e-03
     8        184   1.265374474466e-03
     8        185   1.260836249594e-03
     8        186   1.256432677068e-03
     8        187   1.255932018567e-03
     8        188   1.255155104449e-03
     8        189   1.254447922067e-03
     8        190   1.254096247866e-03
     8        191   1.253542122795e-03
     8        192   1.252955849864e-03
     8        193   1.252717008865e-03
     8        194   1.252511239150e-03
     8        195   1.252408230747e-03
     8        196   1.252340582727e-03
     8        197   1.252303165085e-03
     8        198   1.252287076152e-03
     8        199   1.252277415018e-03
     8        200   1.252268209356e-03
     8        201   1.252255643960e-03
     8        202   1.252240176190e-03
     8        203   1.252218437778e-03
     8        204   1.252197372491e-03
     8        205   1.252184651165e-03
     8        206   1.252177464316e-03
     8        207   1.252169625683e-03
     8        208   1.252157847797e-03
     8        209   1.252144227086e-03
     8        210   1.252131790223e-03
     8        211   1.252121351570e-03
     8        212   1.252112068072e-03
     8        213   1.252105371399e-03
     8        214   1.252102990943e-03
     8        215   1.252102594533e-03

     9          0   1.229072636291e-01
     9          1   1.322356621035e-02
     9          2   3.509041624115e-03
     9          3   2.554692386353e-03
     9          4   1.567372979329e-03
     9          5   1.441840640551e-03
     9          6   1.426225988427e-03
     9          7   1.398291886928e-03
     9          8   1.351507805223e-03
     9          9   1.302940597083e-03
     9         10   1.287623510492e-03
     9         11   1.279772382395e-03
     9         12   1.276701121708e-03
     9         13   1.275371027075e-03
     9         14   1.273237939988e-03
     9         15   1.270595788393e-03
     9         16   1.269014203543e-03
     9         17   1.268277723909e-03
     9         18   1.267098445380e-03
     9         19   1.265855484158e-03
     9         20   1.264756002024e-03
     9         21   1.263346463107e-03
     9         22   1.260849090634e-03
     9         23   1.256960197883e-03
     9         24   1.254381999713e-03
     9         25   1.253889842805e-03
     9         26   1.253116832310e-03
     9         27   1.252320404155e-03
     9         28   1.252211857305e-03
     9         29   1.252168897654e-03
     9         30   1.252133527639e-03
     9         31   1.252097650317e-03
     9         32   1.252074548107e-03
     9         33   1.252058220376e-03
     9         34   1.252038039241e-03
     9         35   1.252006149603e-03
     9         36   1.251959421530e-03
     9         37   1.251920933479e-03
     9         38   1.251900192999e-03
     9         39   1.251889128770e-03
     9         40   1.251876417248e-03
     9         41   1.251856357446e-03
     9         42   1.251826785599e-03
     9         43   1.251800110588e-03
     9         44   1.251782189902e-03
     9         45   1.251771091233e-03
     9         46   1.251760875008e-03
     9         47   1.251747365049e-03
     9         48   1.251728139057e-03
     9         49   1.251700387954e-03
     9         50   1.251661472501e-03
     9         51   1.251617093816e-03
     9         52   1.251580792258e-03
     9         53   1.251560265859e-03
     9         54   1.251547786594e-03
     9         55   1.251532979891e-03
     9         56   1.251508743927e-03
     9         57   1.251468683330e-03
     9         58   1.251406588918e-03
     9         59   1.251341886419e-03
     9         60   1.251312049709e-03
     9         61   1.251301799169e-03
     9         62   1.251299373780e-03
     9         63   1.251295930006e-03
     9         64   1.251290127111e-03
     9         65   1.251280333688e-03
     9         66   1.251265237616e-03
     9         67   1.251251993512e-03
     9         68   1.251247031936e-03
     9         69   1.251244613461e-03
     9         70   1.251243291751e-03
     9         71   1.251240930750e-03
     9         72   1.251236617975e-03
     9         73   1.251228735914e-03
     9         74   1.251214612236e-03
     9         75   1.251190568980e-03
     9         76   1.251154474220e-03
     9         77   1.251122731610e-03
     9         78   1.251099773889e-03
     9         79   1.251087490297e-03
     9         80   1.251085440279e-03

    10          0   9.789169689070e-01
    10          1   9.578064925213e-01
    10          2   9.546059085777e-01
    10          3   9.484338135286e-01
    10          4   9.089366170388e-01
    10          5   8.731700053171e-01
    10          6   8.562898256956e-01
    10          7   8.467163096439e-01
    10          8   8.419179432235e-01
    10          9   8.387542238334e-01
    10         10   8.353818604795e-01
    10         11   8.335133220018e-01
    10         12   8.325394153026e-01
    10         13   8.309085583131e-01
    10         14   8.290448054741e-01
    10         15   8.246801747257e-01
    10         16   8.087212475228e-01
    10         17   8.048516185101e-01
    10         18   7.975396339208e-01
    10         19   7.838742754639e-01
    10         20   7.607090602803e-01
    10         21   7.351172015852e-01
    10         22   7.161489027152e-01
    10         23   6.824787443756e-01
    10         24   6.317385531084e-01
    10         25   5.990144449137e-01
    10         26   5.580910120892e-01
    10         27   5.082542888329e-01
    10         28   4.925390758803e-01
    10         29   4.744609554226e-01
    10         30   4.543277916312e-01
    10         31   4.432567902751e-01
    10         32   4.415120015416e-01
    10         33   4.382173580104e-01
    10         34   4.320419161080e-01
    10         35   4.204631455991e-01
    10         36   3.714062640581e-01
    10         37   3.576947224788e-01
    10         38   3.311375711012e-01
    10         39   2.862439892973e-01
    10         40   2.633087912228e-01
    10         41   2.279872251886e-01
    10         42   1.698986704903e-01
    10         43   9.750321932142e-02
    10         44   6.620480161479e-02
    10         45   4.559976438405e-02
    10         46   3.432048607328e-02
    10         47   2.867276466772e-02
    10         48   2.278685323384e-02
    10         49   1.761864985882e-02
    10         50   1.382025011185e-02
    10         51   1.172564395686e-02
    10         52   1.016754720847e-02
    10         53   9.758212131630e-03
    10         54   9.218658228807e-03
    10         55   8.946793013480e-03
    10         56   8.571688023294e-03
    10         57   8.035862304692e-03
    10         58   7.374001872499e-03
    10         59   6.812401494381e-03
    10         60   6.536825905229e-03
    10         61   6.375914752531e-03
    10         62   6.232264970833e-03
    10         63   5.992821968323e-03
    10         64   5.600454238066e-03
    10         65   5.113183538070e-03
    10         66   4.864047162635e-03
    10         67   4.680648563437e-03
    10         68   4.518023780405e-03
    10         69   4.259073704115e-03
    10         70   3.891223556457e-03
    10         71   3.646221049211e-03
    10         72   3.438526091988e-03
    10         73   3.169690334748e-03
    10         74   2.891064211568e-03
    10         75   2.638189816063e-03
    10         76   2.287789698422e-03
    10         77   2.046660489867e-03
    10         78   1.938313409207e-03
    10         79   1.816013350003e-03
    10         80   1.701656579488e-03
    10         81   1.602717716012e-03
    10         82   1.548772711489e-03
    10         83   1.510402372664e-03
    10         84   1.491867019627e-03
    10         85   1.473045918314e-03
    10         86   1.456563360078e-03
    10         87   1.444179034815e-03
    10         88   1.432687905316e-03
    10         89   1.418432247747e-03
    10         90   1.396754851186e-03
    10         91   1.366968793010e-03
    10         92   1.339067173485e-03
    10         93   1.325236884593e-03
    10         94   1.321110883559e-03
    10         95   1.318924208743e-03
    10         96   1.316004072933e-03
    10         97   1.311853394652e-03
    10         98   1.306943617545e-03
    10         99   1.302385299025e-03
    10        100   1.299646110044e-03
    10        101   1.298028038392e-03
    10        102   1.296239626827e-03
    10        103   1.293361641589e-03
    10        104   1.288725229666e-03
    10        105   1.281953160606e-03
    10        106   1.276389222904e-03
    10        107   1.273145491281e-03
    10        108   1.271340713932e-03
    10        109   1.269396278608e-03
    10        110   1.266085274885e-03
    10        111   1.260460143275e-03
    10        112   1.251918759553e-03
    10        113   1.245880635985e-03
    10        114   1.244330987171e-03
    10        115   1.243753691551e-03
    10        116   1.243541530611e-03
    10        117   1.243280359620e-03
    10        118   1.242855509205e-03
    10        119   1.242149995147e-03
    10        120   1.241025749634e-03
    10        121   1.239556198232e-03
    10        122   1.238667154316e-03
    10        123   1.238038105979e-03
    10        124   1.237762301740e-03
    10        125   1.237596805425e-03
    10        126   1.237394743360e-03
    10        127   1.237184588837e-03
    10        128   1.236844100840e-03
    10        129   1.236302134303e-03
    10        130   1.235533926792e-03
    10        131   1.234986220213e-03
    10        132   1.234636147832e-03
    10        133   1.234483636379e-03
    10        134   1.234344049233e-03
    10        135   1.234114963272e-03
    10        136   1.233734645853e-03
    10        137   1.233153054016e-03
    10        138   1.232631268613e-03
    10        139   1.232412790037e-03
    10        140   1.232311284388e-03
    10        141   1.232267426309e-03
    10        142   1.232198172232e-03
    10        143   1.232083920278e-03
    10        144   1.231888953450e-03
    10        145   1.231554487340e-03
    10        146   1.230995344712e-03
    10        147   1.230125796720e-03
    10        148   1.229121392194e-03
    10        149   1.228371328191e-03
    10        150   1.227883107186e-03
    10        151   1.227643832690e-03
    10        152   1.227458974054e-03
    10        153   1.227283272974e-03
    10        154   1.227006546546e-03
    10        155   1.226569500290e-03
    10        156   1.225847472854e-03
    10        157   1.224612060520e-03
    10        158   1.222530722652e-03
    10        159   1.219303588014e-03
    10        160   1.214524617530e-03
    10        161   1.207530948322e-03
    10        162   1.201573866648e-03
    10        163   1.199156387975e-03
    10        164   1.198266735738e-03
    10        165   1.197349668506e-03
    10        166   1.196994480301e-03
    10        167   1.196597317485e-03
    10        168   1.196142057468e-03
    10        169   1.195486716648e-03
    10        170   1.194389352278e-03
    10        171   1.192655530649e-03
    10        172   1.190046733593e-03
    10        173   1.186460527471e-03
    10        174   1.181133620953e-03
    10        175   1.174673869769e-03
    10        176   1.172187482116e-03
    10        177   1.168577120507e-03
    10        178   1.166181695277e-03
    10        179   1.164994268091e-03
    10        180   1.164417009428e-03
    10        181   1.163588718618e-03
    10        182   1.162805179562e-03
    10        183   1.161578672163e-03
    10        184   1.159688883653e-03
    10        185   1.157031632093e-03
    10        186   1.154358186195e-03
    10        187   1.150820724646e-03
    10        188   1.145279857683e-03
    10        189   1.137230638888e-03
    10        190   1.129647707517e-03
    10        191   1.122632417004e-03
    10        192   1.116898321314e-03
    10        193   1.108759589387e-03
    10        194   1.100939696422e-03
    10        195   1.096290332330e-03
    10        196   1.088789475473e-03
    10        197   1.078411752530e-03
    10        198   1.071571621302e-03
    10        199   1.065659634600e-03
    10        200   1.059729259460e-03
    10        201   1.054130499204e-03
    10        202   1.048489929930e-03
    10        203   1.046185934756e-03
    10        204   1.043180572427e-03
    10        205   1.041075351743e-03
    10        206   1.039606568589e-03
    10        207   1.038039337748e-03
    10        208   1.036796355927e-03
    10        209   1.035476536308e-03
    10        210   1.034629777481e-03
    10        211   1.033942876130e-03
    10        212   1.033152553663e-03
    10        213   1.032278103133e-03
    10        214   1.031384159940e-03
    10        215   1.030126504259e-03
    10        216   1.028105639796e-03
    10        217   1.024618528770e-03
    10        218   1.018514110533e-03
    10        219   1.008299357675e-03
    10        220   9.942122181098e-04
    10        221   9.865598778889e-04
    10        222   9.737308524018e-04
    10        223   9.541109423890e-04
    10        224   9.418271563014e-04
    10        225   9.293483329291e-04
    10        226   9.162925384451e-04
    10        227   9.021216392051e-04
    10        228   8.886984571431e-04
    10        229   8.714636324018e-04
    10        230   8.544753163849e-04
    10        231   8.299911723797e-04
    10        232   8.016513285923e-04
    10        233   7.882354929937e-04
    10        234   7.703535138167e-04
    10        235   7.496529438461e-04
    10        236   7.264877119292e-04
    10        237   7.174755982169e-04
    10        238   7.054528491693e-04
    10        239   6.960715499237e-04
    10        240   6.865391240267e-04
    10        241   6.739390966896e-04
    10        242   6.608388729009e-04
    10        243   6.510975813799e-04
    10        244   6.364429245105e-04
    10        245   6.203916875700e-04
    10        246   6.143496416057e-04
    10        247   6.041790657282e-04
    10        248   5.897117467150e-04
    10        249   5.759950226282e-04
    10        250   5.726538142276e-04
    10        251   5.671948179850e-04
    10        252   5.599861028159e-04
    10        253   5.545780767600e-04
    10        254   5.511663774995e-04
    10        255   5.477015930512e-04
    10        256   5.454888146210e-04
    10        257   5.436143228000e-04
    10        258   5.423127879461e-04
    10        259   5.407429803094e-04
    10        260   5.395064724873e-04
    10        261   5.382736681456e-04
    10        262   5.367118259807e-04
    10        263   5.347421308238e-04
    10        264   5.328692408015e-04
    10        265   5.310711325121e-04
    10        266   5.289251346315e-04
    10        267   5.270776941996e-04
    10        268   5.256027354733e-04
    10        269   5.239294516447e-04
    10        270   5.223157637769e-04
    10        271   5.210360713157e-04
    10        272   5.197354885405e-04
    10        273   5.182125333374e-04
    10        274   5.174499242275e-04
    10        275   5.168599003831e-04
    10        276   5.164265729508e-04
    10        277   5.157838492715e-04
    10        278   5.150512426840e-04
    10        279   5.143654085173e-04
    10        280   5.136908291135e-04
    10        281   5.130229737782e-04
    10        282   5.122874566698e-04
    10        283   5.114479412553e-04
    10        284   5.104070025002e-04
    10        285   5.092720628949e-04
    10        286   5.083571233817e-04
    10        287   5.078168252624e-04
    10        288   5.074449583065e-04
    10        289   5.069445601152e-04
    10        290   5.061288098389e-04
    10        291   5.047727904269e-04
    10        292   5.026507702398e-04
    10        293   5.000500728929e-04
    10        294   4.978038367136e-04
    10        295   4.949640977184e-04
    10        296   4.922806448238e-04
    10        297   4.916956140850e-04
    10        298   4.908418565961e-04
    10        299   4.898203737125e-04
    10        300   4.891068959765e-04
    10        301   4.882533129822e-04
    10        302   4.871778089154e-04
    10        303   4.859680678626e-04
    10        304   4.851116045959e-04
    10        305   4.841064774229e-04
    10        306   4.831873241171e-04
    10        307   4.824252536280e-04
    10        308   4.818546876385e-04
    10        309   4.813274848157e-04
    10        310   4.809377705572e-04
    10        311   4.807488649361e-04
    10        312   4.805874473195e-04
    10        313   4.803828446462e-04
    10        314   4.801225163135e-04
    10        315   4.797480924542e-04
    10        316   4.792724774617e-04
    10        317   4.787885806136e-04
    10        318   4.782886435598e-04
    10        319   4.777796690351e-04
    10        320   4.774707868775e-04
    10        321   4.771478416989e-04
    10        322   4.767353113146e-04
    10        323   4.760653247657e-04
    10        324   4.752476082950e-04
    10        325   4.749705418305e-04
    10        326   4.748391933248e-04
    10        327   4.747744786880e-04
    10        328   4.746974447576e-04
    10        329   4.745775003349e-04
    10        330   4.744014619953e-04
    10        331   4.742218397152e-04
    10        332   4.740603820045e-04
    10        333   4.738787448398e-04
    10        334   4.737110960511e-04
    10        335   4.735035346729e-04
    10        336   4.732148744470e-04
    10        337   4.728230285569e-04
    10        338   4.724342722349e-04
    10        339   4.721927262432e-04
    10        340   4.720236549121e-04
    10        341   4.718583161051e-04
    10        342   4.717151968555e-04
    10        343   4.715948291576e-04
    10        344   4.714528155199e-04
    10        345   4.712315634516e-04
    10        346   4.709582522497e-04
    10        347   4.707623435353e-04
    10        348   4.705835585338e-04
    10        349   4.704563761351e-04
    10        350   4.703215196653e-04
    10        351   4.701643283872e-04
    10        352   4.700090361545e-04
    10        353   4.699206910892e-04
    10        354   4.698711367068e-04
    10        355   4.698198064881e-04
    10        356   4.697373846924e-04
    10        357   4.695942771946e-04
    10        358   4.693387658290e-04
    10        359   4.688870068140e-04
    10        360   4.681335861985e-04
    10        361   4.671030844341e-04
    10        362   4.665826469825e-04
    10        363   4.660968949359e-04
    10        364   4.660478999685e-04
    10        365   4.659580155152e-04
    10        366   4.658126246013e-04
    10        367   4.657266452823e-04
    10        368   4.657140244427e-04
    10        369   4.656982680682e-04
    10        370   4.656932384157e-04
    10        371   4.656877547791e-04
    10        372   4.656840914342e-04
    10        373   4.656825006149e-04
    10        374   4.656814518674e-04
    10        375   4.656806558363e-04
    10        376   4.656804095902e-04

    11          0   9.891149765261e-01
    11          1   9.790977704405e-01
    11          2   9.757524632885e-01
    11          3   9.651590714609e-01
    11          4   9.600552915981e-01
    11          5   9.518052357044e-01
    11          6   9.365614930282e-01
    11          7   9.175135448094e-01
    11          8   8.922115164298e-01
    11          9   8.609269837971e-01
    11         10   8.274054402950e-01
    11         11   8.100989039838e-01
    11         12   8.053288913070e-01
    11         13   7.969430653403e-01
    11         14   7.834250635605e-01
    11         15   7.669423229899e-01
    11         16   7.520709855722e-01
    11         17   7.295655665200e-01
    11         18   7.038595052460e-01
    11         19   6.725220320071e-01
    11         20   6.390645818114e-01
    11         21   5.959204489039e-01
    11         22   5.633575673113e-01
    11         23   5.306572883472e-01
    11         24   4.925599574588e-01
    11         25   4.723212372607e-01
    11         26   4.469591592653e-01
    11         27   4.266775885306e-01
    11         28   4.016776073929e-01
    11         29   3.613952688172e-01
    11         30   3.194515756345e-01
    11         31   2.661533983368e-01
    11         32   1.893096234121e-01
    11         33   1.467685702821e-01
    11         34   1.199811091312e-01
    11         35   9.026402768414e-02
    11         36   7.321143230770e-02
    11         37   6.327255988189e-02
    11         38   5.770199924107e-02
    11         39   5.226954211400e-02
    11         40   4.566821329382e-02
    11         41   4.027011422504e-02
    11         42   3.351872185335e-02
    11         43   2.694816568865e-02
    11         44   2.018416275907e-02
    11         45   1.659504264780e-02
    11         46   1.379623382652e-02
    11         47   1.249585754035e-02
    11         48   1.164298920984e-02
    11         49   1.089228614787e-02
    11         50   1.012453249826e-02
    11         51   9.672059264696e-03
    11         52   9.030732393012e-03
    11         53   8.347455640099e-03
    11         54   7.942513495582e-03
    11         55   7.658172473818e-03
    11         56   7.425981677783e-03
    11         57   7.249089386563e-03
    11         58   7.184684843822e-03
    11         59   7.162985764077e-03
    11         60   7.126505833151e-03
    11         61   7.074163629623e-03
    11         62   7.036914853868e-03
    11         63   7.004471698362e-03
    11         64   6.972619592928e-03
    11         65   6.953050397110e-03
    11         66   6.934223500483e-03
    11         67   6.908511657086e-03
    11         68   6.869677169165e-03
    11         69   6.825142006373e-03
    11         70   6.797169452382e-03
    11         71   6.776882838360e-03
    11         72   6.763914486648e-03
    11         73   6.745436616931e-03
    11         74   6.716509903429e-03
    11         75   6.671156438215e-03
    11         76   6.611649522154e-03
    11         77   6.556416982967e-03
    11         78   6.481038935069e-03
    11         79   6.443832062124e-03
    11         80   6.415908662195e-03
    11         81   6.390789656915e-03
    11         82   6.354363833028e-03
    11         83   6.320127668200e-03
    11         84   6.271282143103e-03
    11         85   6.195670701748e-03
    11         86   6.079456575452e-03
    11         87   5.900795605496e-03
    11         88   5.716604353028e-03
    11         89   5.486707892859e-03
    11         90   5.142140283586e-03
    11         91   4.621815852179e-03
    11         92   4.113955514588e-03
    11         93   4.057768389154e-03
    11         94   3.956035410804e-03
    11         95   3.779633787176e-03
    11         96   3.507240908506e-03
    11         97   3.322038872086e-03
    11         98   3.262156332710e-03
    11         99   3.166952025704e-03
    11        100   3.033442624998e-03
    11        101   2.944135182846e-03
    11        102   2.825181486602e-03
    11        103   2.716297257120e-03
    11        104   2.604935934178e-03
    11        105   2.492946137673e-03
    11        106   2.380669224166e-03
    11        107   2.294473263690e-03
    11        108   2.215248832990e-03
    11        109   2.170885668945e-03
    11        110   2.149433184407e-03
    11        111   2.131852641941e-03
    11        112   2.112169214151e-03
    11        113   2.082376675543e-03
    11        114   2.043390867510e-03
    11        115   2.004978438833e-03
    11        116   1.955357967087e-03
    11        117   1.899601848306e-03
    11        118   1.829011265267e-03
    11        119   1.749165425681e-03
    11        120   1.685914210483e-03
    11        121   1.616446386420e-03
    11        122   1.573329831424e-03
    11        123   1.539579620011e-03
    11        124   1.520431283050e-03
    11        125   1.496835543232e-03
    11        126   1.461030766280e-03
    11        127   1.417146939417e-03
    11        128   1.387289361926e-03
    11        129   1.358210139368e-03
    11        130   1.330614227939e-03
    11        131   1.313616166784e-03
    11        132   1.300708751502e-03
    11        133   1.292616474963e-03
    11        134   1.282278864684e-03
    11        135   1.276268790158e-03
    11        136   1.273204422971e-03
    11        137   1.268643149327e-03
    11        138   1.263194048529e-03
    11        139   1.259875895367e-03
    11        140   1.256052212860e-03
    11        141   1.253602459733e-03
    11        142   1.252446536808e-03
    11        143   1.251531152451e-03
    11        144   1.250278332463e-03
    11        145   1.249235185760e-03
    11        146   1.248241451169e-03
    11        147   1.247666983459e-03
    11        148   1.247171701069e-03
    11        149   1.246706126911e-03
    11        150   1.246267955165e-03
    11        151   1.245923366300e-03
    11        152   1.245673355531e-03
    11        153   1.245490521833e-03
    11        154   1.245303284670e-03
    11        155   1.245016125146e-03
    11        156   1.244574035408e-03
    11        157   1.243970272941e-03
    11        158   1.243391244548e-03
    11        159   1.243014724464e-03
    11        160   1.242799090475e-03
    11        161   1.242615669634e-03
    11        162   1.242393380809e-03
    11        163   1.242127290187e-03
    11        164   1.241839766853e-03
    11        165   1.241549371939e-03
    11        166   1.241242116951e-03
    11        167   1.240867651188e-03
    11        168   1.240297469653e-03
    11        169   1.239373008087e-03
    11        170   1.237898263693e-03
    11        171   1.235794330408e-03
    11        172   1.233873066748e-03
    11        173   1.232965867592e-03
    11        174   1.232768189703e-03
    11        175   1.232469844292e-03
    11        176   1.232203571069e-03
    11        177   1.231895839197e-03
    11        178   1.231364284019e-03
    11        179   1.230451956758e-03
    11        180   1.228947159766e-03
    11        181   1.226640171180e-03
    11        182   1.223767613521e-03
    11        183   1.220258370108e-03
    11        184   1.215997707875e-03
    11        185   1.213445949997e-03
    11        186   1.212876407883e-03
    11        187   1.212488453669e-03
    11        188   1.212119714643e-03
    11        189   1.211519639773e-03
    11        190   1.210447604637e-03
    11        191   1.208499478909e-03
    11        192   1.205063591710e-03
    11        193   1.199786169833e-03
    11        194   1.194855177122e-03
    11        195   1.194122952532e-03
    11        196   1.193168282463e-03
    11        197   1.192457460034e-03
    11        198   1.192001300220e-03
    11        199   1.191227559707e-03
    11        200   1.189894779238e-03
    11        201   1.187780738169e-03
    11        202   1.185368840692e-03
    11        203   1.183409907463e-03
    11        204   1.180594595707e-03
    11        205   1.178276652660e-03
    11        206   1.177496243772e-03
    11        207   1.176480551306e-03
    11        208   1.175469441034e-03
    11        209   1.174489743420e-03
    11        210   1.173077640106e-03
    11        211   1.171256869526e-03
    11        212   1.169125319405e-03
    11        213   1.166035845739e-03
    11        214   1.161961065287e-03
    11        215   1.159674583354e-03
    11        216   1.157775611040e-03
    11        217   1.155999861449e-03
    11        218   1.154649466782e-03
    11        219   1.153952815164e-03
    11        220   1.153549581555e-03
    11        221   1.153244070927e-03
    11        222   1.152715176388e-03
    11        223   1.151800978014e-03
    11        224   1.150231199266e-03
    11        225   1.147570635786e-03
    11        226   1.143197914283e-03
    11        227   1.136543975804e-03
    11        228   1.127463036650e-03
    11        229   1.116903844579e-03
    11        230   1.110320734890e-03
    11        231   1.108737783407e-03
    11        232   1.106454088913e-03
    11        233   1.105578263126e-03
    11        234   1.105367825571e-03
    11        235   1.105128303221e-03
    11        236   1.105002265464e-03
    11        237   1.104843199802e-03
    11        238   1.104580736666e-03
    11        239   1.104125656448e-03
    11        240   1.103324530760e-03
    11        241   1.101905628927e-03
    11        242   1.099368506026e-03
    11        243   1.094832659813e-03
    11        244   1.087121454515e-03
    11        245   1.075741803479e-03
    11        246   1.067465954615e-03
    11        247   1.055858124384e-03
    11        248   1.040889406887e-03
    11        249   1.016874559208e-03
    11        250   9.849675310285e-04
    11        251   9.592974923808e-04
    11        252   9.512265392928e-04
    11        253   9.380188566722e-04
    11        254   9.211885530374e-04
    11        255   9.144183894935e-04
    11        256   9.030985776485e-04
    11        257   8.881346618180e-04
    11        258   8.740320583273e-04
    11        259   8.666205418177e-04
    11        260   8.565738816516e-04
    11        261   8.449433215765e-04
    11        262   8.371634521430e-04
    11        263   8.299035548095e-04
    11        264   8.265159132357e-04
    11        265   8.250487864728e-04
    11        266   8.232079051322e-04
    11        267   8.210716255825e-04
    11        268   8.194579553805e-04
    11        269   8.170698203653e-04
    11        270   8.145810960789e-04
    11        271   8.132560483685e-04
    11        272   8.116771059631e-04
    11        273   8.093278138869e-04
    11        274   8.066299028403e-04
    11        275   8.041583178903e-04
    11        276   8.006105238932e-04
    11        277   7.955023194702e-04
    11        278   7.890128687342e-04
    11        279   7.798950828751e-04
    11        280   7.668499798532e-04
    11        281   7.474124228187e-04
    11        282   7.200962263875e-04
    11        283   7.028738540206e-04
    11        284   6.980913609822e-04
    11        285   6.889712679106e-04
    11        286   6.733975541678e-04
    11        287   6.601320260600e-04
    11        288   6.512084158043e-04
    11        289   6.413539193880e-04
    11        290   6.313733950938e-04
    11        291   6.214693247730e-04
    11        292   6.108326147353e-04
    11        293   5.984622212404e-04
    11        294   5.841187313393e-04
    11        295   5.776622942790e-04
    11        296   5.712914638019e-04
    11        297   5.686655149246e-04
    11        298   5.671328609711e-04
    11        299   5.665544764787e-04
    11        300   5.662001900691e-04
    11        301   5.660937443182e-04
    11        302   5.659300461636e-04
    11        303   5.657423709826e-04
    11        304   5.656209354079e-04
    11        305   5.654134489909e-04
    11        306   5.650681296779e-04
    11        307   5.645604568465e-04
    11        308   5.640906034782e-04
    11        309   5.636378437199e-04
    11        310   5.631350293049e-04
    11        311   5.626479017764e-04
    11        312   5.619420643852e-04
    11        313   5.609476082867e-04
    11        314   5.599414128247e-04
    11        315   5.592973576924e-04
    11        316   5.586869372418e-04
    11        317   5.579674410319e-04
    11        318   5.570632924780e-04
    11        319   5.555609971128e-04
    11        320   5.533521816212e-04
    11        321   5.515439919873e-04
    11        322   5.500560078258e-04
    11        323   5.481544471897e-04
    11        324   5.457059570935e-04
    11        325   5.419051881447e-04
    11        326   5.363284600981e-04
    11        327   5.321600206252e-04
    11        328   5.309517056904e-04
    11        329   5.299438736266e-04
    11        330   5.289838552349e-04
    11        331   5.285256875379e-04
    11        332   5.278385481330e-04
    11        333   5.269992626800e-04
    11        334   5.264156106244e-04
    11        335   5.258006845225e-04
    11        336   5.255448443664e-04
    11        337   5.253903334068e-04
    11        338   5.252838699988e-04
    11        339   5.252265406253e-04
    11        340   5.251670539750e-04
    11        341   5.250745998063e-04
    11        342   5.249446564716e-04
    11        343   5.248231057502e-04
    11        344   5.247289919099e-04
    11        345   5.246906121363e-04
    11        346   5.246795898103e-04
    11        347   5.246738910206e-04
    11        348   5.246690724789e-04
    11        349   5.246651588925e-04
    11        350   5.246615973558e-04
    11        351   5.246577704413e-04
    11        352   5.246537035464e-04
    11        353   5.246488582377e-04
    11        354   5.246416953537e-04
    11        355   5.246323537207e-04
    11        356   5.246170501606e-04
    11        357   5.245913887987e-04
    11        358   5.245476924571e-04
    11        359   5.244738969984e-04
    11        360   5.243540991896e-04
    11        361   5.241769371591e-04
    11        362   5.239796684706e-04
    11        363   5.237176378594e-04
    11        364   5.234174005886e-04
    11        365   5.230489870399e-04
    11        366   5.226771850195e-04
    11        367   5.222841480850e-04
    11        368   5.220147885783e-04
    11        369   5.216785631680e-04
    11        370   5.215993367368e-04
    11        371   5.214658773569e-04
    11        372   5.212975800083e-04
    11        373   5.211927192260e-04
    11        374   5.210414101344e-04
    11        375   5.208658147967e-04
    11        376   5.207325242370e-04
    11        377   5.205201395502e-04
    11        378   5.203884193609e-04
    11        379   5.202239584990e-04
    11        380   5.201197172595e-04
    11        381   5.199704346809e-04
    11        382   5.197735686974e-04
    11        383   5.194866221265e-04
    11        384   5.192221382581e-04
    11        385   5.190648343478e-04
    11        386   5.187964777628e-04
    11        387   5.184891206792e-04
    11        388   5.182336431233e-04
    11        389   5.180561126383e-04
    11        390   5.177552241535e-04
    11        391   5.172798540609e-04
    11        392   5.167650583630e-04
    11        393   5.162326478417e-04
    11        394   5.153684481712e-04
    11        395   5.144488414741e-04
    11        396   5.136119361145e-04
    11        397   5.124257522447e-04
    11        398   5.110524601106e-04
    11        399   5.095537863125e-04
    11        400   5.075752936247e-04
    11        401   5.057083396224e-04
    11        402   5.028446857571e-04
    11        403   5.010738011371e-04
    11        404   4.987608820608e-04
    11        405   4.952603403728e-04
    11        406   4.908496123847e-04
    11        407   4.849736891527e-04
    11        408   4.811724624038e-04
    11        409   4.761870359300e-04
    11        410   4.715544539812e-04
    11        411   4.669053112152e-04
    11        412   4.649648607543e-04
    11        413   4.620501468032e-04
    11        414   4.578408936249e-04
    11        415   4.538837124087e-04
    11        416   4.525358944434e-04
    11        417   4.509034604945e-04
    11        418   4.496697155857e-04
    11        419   4.482605146695e-04
    11        420   4.462977780628e-04
    11        421   4.427799052695e-04
    11        422   4.366623644407e-04
    11        423   4.267508876993e-04
    11        424   4.141864378963e-04
    11        425   4.085780743921e-04
    11        426   4.015974269574e-04
    11        427   3.979031463390e-04
    11        428   3.970742942181e-04
    11        429   3.955757490018e-04
    11        430   3.930884936281e-04
    11        431   3.902467428537e-04
    11        432   3.886503812549e-04
    11        433   3.865082493708e-04
    11        434   3.830641659687e-04
    11        435   3.786972482780e-04
    11        436   3.765069270777e-04
    11        437   3.741965435882e-04
    11        438   3.706714128435e-04
    11        439   3.661185848682e-04
    11        440   3.617920300154e-04
    11        441   3.572465089516e-04
    11        442   3.542271525590e-04
    11        443   3.529469075602e-04
    11        444   3.511999233795e-04
    11        445   3.483894172459e-04
    11        446   3.457242687190e-04
    11        447   3.447662280033e-04
    11        448   3.437844842332e-04
    11        449   3.429886026813e-04
    11        450   3.417051608651e-04
    11        451   3.398471812495e-04
    11        452   3.382352103969e-04
    11        453   3.371843219365e-04
    11        454   3.358655586783e-04
    11        455   3.345575749640e-04
    11        456   3.324978323392e-04
    11        457   3.293438581227e-04
    11        458   3.254274737592e-04
    11        459   3.229366843069e-04
    11        460   3.210548514434e-04
    11        461   3.198570715292e-04
    11        462   3.182603244268e-04
    11        463   3.163715621014e-04
    11        464   3.142833009820e-04
    11        465   3.129598777721e-04
    11        466   3.116568944767e-04
    11        467   3.110202915133e-04
    11        468   3.100970198128e-04
    11        469   3.088852910682e-04
    11        470   3.070038648392e-04
    11        471   3.043468645442e-04
    11        472   3.016597544865e-04
    11        473   2.999223890402e-04
    11        474   2.987861172684e-04
    11        475   2.978525333753e-04
    11        476   2.963729441703e-04
    11        477   2.941499177621e-04
    11        478   2.920161657145e-04
    11        479   2.911204149195e-04
    11        480   2.902209844506e-04
    11        481   2.894188859582e-04
    11        482   2.887634206012e-04
    11        483   2.880793576611e-04
    11        484   2.876856256244e-04
    11        485   2.873114018672e-04
    11        486   2.869943268778e-04
    11        487   2.866749870603e-04
    11        488   2.862949644725e-04
    11        489   2.856972072109e-04
    11        490   2.848444474347e-04
    11        491   2.841493002894e-04
    11        492   2.835384890116e-04
    11        493   2.827975723723e-04
    11        494   2.821202268070e-04
    11        495   2.812454767909e-04
    11        496   2.801004285666e-04
    11        497   2.787352179016e-04
    11        498   2.775372092081e-04
    11        499   2.765328332793e-04
    11        500   2.753994066886e-04

    12          0   9.756899368532e-01
    12          1   9.340636217944e-01
    12          2   9.218545622043e-01
    12          3   8.999750192678e-01
    12          4   8.664238264260e-01
    12          5   8.298798456516e-01
    12          6   7.991118343984e-01
    12          7   7.827687090342e-01
    12          8   7.552708907972e-01
    12          9   7.231447188944e-01
    12         10   6.943708946213e-01
    12         11   6.533661453126e-01
    12         12   5.895860606767e-01
    12         13   5.641881886308e-01
    12         14   5.258186114159e-01
    12         15   4.878385510180e-01
    12         16   4.620858601843e-01
    12         17   4.230410174007e-01
    12         18   3.661649900639e-01
    12         19   3.320678856080e-01
    12         20   2.758794139493e-01
    12         21   1.943426409785e-01
    12         22   1.613984043224e-01
    12         23   1.222705877246e-01
    12         24   1.054337646506e-01
    12         25   7.765912856026e-02
    12         26   4.992924413159e-02
    12         27   3.583050648016e-02
    12         28   2.925917195958e-02
    12         29   2.419536593722e-02
    12         30   1.798362843474e-02
    12         31   1.498885494791e-02
    12         32   1.146595787997e-02
    12         33   1.012258641372e-02
    12         34   9.036622055354e-03
    12         35   7.881607773392e-03
    12         36   7.109912744563e-03
    12         37   6.518811365090e-03
    12         38   5.775937982610e-03
    12         39   5.277349066536e-03
    12         40   5.122239483003e-03
    12         41   4.884785764474e-03
    12         42   4.619742493438e-03
    12         43   4.429757882745e-03
    12         44   4.169477452763e-03
    12         45   3.831303142007e-03
    12         46   3.599456803587e-03
    12         47   3.394994499426e-03
    12         48   3.189494733627e-03
    12         49   3.067085961916e-03
    12         50   2.870161184731e-03
    12         51   2.610457676613e-03
    12         52   2.479068512338e-03
    12         53   2.327905844130e-03
    12         54   2.204180947369e-03
    12         55   2.073347156196e-03
    12         56   1.947556142630e-03
    12         57   1.804333969869e-03
    12         58   1.654304029256e-03
    12         59   1.542469549634e-03
    12         60   1.517384193872e-03
    12         61   1.475993001337e-03
    12         62   1.409803332382e-03
    12         63   1.328666141720e-03
    12         64   1.263667092758e-03
    12         65   1.175475172222e-03
    12         66   1.096878089526e-03
    12         67   1.049396733462e-03
    12         68   1.009252104402e-03
    12         69   9.883387819991e-04
    12         70   9.739862738886e-04
    12         71   9.625165412092e-04
    12         72   9.570487529449e-04
    12         73   9.514295408565e-04
    12         74   9.422703126760e-04
    12         75   9.271183958838e-04
    12         76   9.033687935747e-04
    12         77   8.745038684396e-04
    12         78   8.579611804441e-04
    12         79   8.438595460879e-04
    12         80   8.327795152911e-04
    12         81   8.189756785391e-04
    12         82   8.057770584924e-04
    12         83   7.983551174346e-04
    12         84   7.929709688059e-04
    12         85   7.871626910546e-04
    12         86   7.811732802540e-04
    12         87   7.763838609776e-04
    12         88   7.731848871526e-04
    12         89   7.699096118394e-04
    12         90   7.661851650544e-04
    12         91   7.613366938050e-04
    12         92   7.537165921926e-04
    12         93   7.414589762696e-04
    12         94   7.233438868306e-04
    12         95   7.045685843533e-04
    12         96   6.874319597091e-04
    12         97   6.753231639653e-04
    12         98   6.703329926405e-04
    12         99   6.641732863284e-04
    12        100   6.593317984976e-04
    12        101   6.549006243723e-04
    12        102   6.510449768693e-04
    12        103   6.472006727418e-04
    12        104   6.447712169378e-04
    12        105   6.433393519267e-04
    12        106   6.424202365555e-04
    12        107   6.411864581887e-04
    12        108   6.392344420338e-04
    12        109   6.362478712749e-04
    12        110   6.324878314384e-04
    12        111   6.289462337671e-04
    12        112   6.257250551767e-04
    12        113   6.229912313287e-04
    12        114   6.195096242833e-04
    12        115   6.143035762933e-04
    12        116   6.086823966603e-04
    12        117   6.058309601908e-04
    12        118   6.043646448224e-04
    12        119   6.030301006567e-04
    12        120   6.009946589461e-04
    12        121   5.978782925993e-04
    12        122   5.934501650632e-04
    12        123   5.882856556458e-04
    12        124   5.834159455954e-04
    12        125   5.773399174825e-04
    12        126   5.735789482748e-04
    12        127   5.704209540512e-04
    12        128   5.665821788619e-04
    12        129   5.610881605216e-04
    12        130   5.528755251228e-04
    12        131   5.426896340390e-04
    12        132   5.360891158062e-04
    12        133   5.294502285911e-04
    12        134   5.256321194992e-04
    12        135   5.204049436079e-04
    12        136   5.154050531594e-04
    12        137   5.120800266849e-04
    12        138   5.097690066461e-04
    12        139   5.079949294645e-04
    12        140   5.058902331453e-04
    12        141   5.034197096421e-04
    12        142   4.992853884559e-04
    12        143   4.926843870027e-04
    12        144   4.842051985918e-04
    12        145   4.753947321166e-04
    12        146   4.683498968842e-04
    12        147   4.628077543489e-04
    12        148   4.575148645505e-04
    12        149   4.552154254097e-04
    12        150   4.520304533168e-04
    12        151   4.488130791106e-04
    12        152   4.469842738346e-04
    12        153   4.457229562616e-04
    12        154   4.447529565446e-04
    12        155   4.442167334057e-04
    12        156   4.435123367788e-04
    12        157   4.425614344634e-04
    12        158   4.411924614227e-04
    12        159   4.395806373125e-04
    12        160   4.377408545215e-04
    12        161   4.349578733891e-04
    12        162   4.305247531576e-04
    12        163   4.246586465897e-04
    12        164   4.215962756430e-04
    12        165   4.201882637398e-04
    12        166   4.181794215075e-04
    12        167   4.167079651558e-04
    12        168   4.159988171781e-04
    12        169   4.149322916810e-04
    12        170   4.136227826445e-04
    12        171   4.125932450814e-04
    12        172   4.110985461978e-04
    12        173   4.095658501494e-04
    12        174   4.085831020798e-04
    12        175   4.074086670025e-04
    12        176   4.062015032734e-04
    12        177   4.052480767498e-04
    12        178   4.044513646529e-04
    12        179   4.038129016789e-04
    12        180   4.030079830767e-04
    12        181   4.017852700154e-04
    12        182   4.000313431447e-04
    12        183   3.979052108556e-04
    12        184   3.957059933276e-04
    12        185   3.935755514261e-04
    12        186   3.913711217274e-04
    12        187   3.892764916772e-04
    12        188   3.870724313796e-04
    12        189   3.847588045985e-04
    12        190   3.833532176740e-04
    12        191   3.820995655911e-04
    12        192   3.814156170135e-04
    12        193   3.809349213582e-04
    12        194   3.804518158691e-04
    12        195   3.801193403024e-04
    12        196   3.796681794052e-04
    12        197   3.790930210130e-04
    12        198   3.783761906826e-04
    12        199   3.774001738305e-04
    12        200   3.759806621616e-04
    12        201   3.741562517967e-04
    12        202   3.725671692228e-04
    12        203   3.702939666731e-04
    12        204   3.666692668685e-04
    12        205   3.621483929795e-04
    12        206   3.568197881504e-04
    12        207   3.506943859375e-04
    12        208   3.440843212129e-04
    12        209   3.401222206496e-04
    12        210   3.364008835129e-04
    12        211   3.329960090167e-04
    12        212   3.284752947346e-04
    12        213   3.256654142875e-04
    12        214   3.248646221888e-04
    12        215   3.242473552320e-04
    12        216   3.239660612132e-04
    12        217   3.236741036856e-04
    12        218   3.232420550838e-04
    12        219   3.227285971965e-04
    12        220   3.220751460102e-04
    12        221   3.210783092912e-04
    12        222   3.196002567070e-04
    12        223   3.176477046694e-04
    12        224   3.146580407525e-04
    12        225   3.100178273698e-04
    12        226   3.038443510107e-04
    12        227   3.001091175924e-04
    12        228   2.979826965724e-04
    12        229   2.960209569624e-04
    12        230   2.940600707427e-04
    12        231   2.923213016264e-04
    12        232   2.900346230195e-04
    12        233   2.878260582838e-04
    12        234   2.855660750752e-04
    12        235   2.838653389853e-04
    12        236   2.826217613234e-04
    12        237   2.822545970761e-04
    12        238   2.817147348207e-04
    12        239   2.810604149071e-04
    12        240   2.802924593263e-04
    12        241   2.791010392628e-04
    12        242   2.774250017360e-04
    12        243   2.749607916450e-04
    12        244   2.720783231783e-04
    12        245   2.690057091874e-04
    12        246   2.676357268657e-04
    12        247   2.652758169603e-04
    12        248   2.616427119526e-04
    12        249   2.590284185889e-04
    12        250   2.564923952028e-04
    12        251   2.544337282382e-04
    12        252   2.518293411355e-04
    12        253   2.498704863014e-04
    12        254   2.486699657501e-04
    12        255   2.468753279936e-04
    12        256   2.446542475332e-04
    12        257   2.431595450446e-04
    12        258   2.413158757274e-04
    12        259   2.391432321073e-04
    12        260   2.376885400488e-04
    12        261   2.369537306504e-04
    12        262   2.359053777166e-04
    12        263   2.344996542731e-04
    12        264   2.330505553489e-04
    12        265   2.316766471003e-04
    12        266   2.298433356974e-04
    12        267   2.271688913822e-04
    12        268   2.245949930699e-04
    12        269   2.229015481862e-04
    12        270   2.217377436512e-04
    12        271   2.207224602262e-04
    12        272   2.192764277926e-04
    12        273   2.170953510017e-04
    12        274   2.141718801808e-04
    12        275   2.117593394982e-04
    12        276   2.087437674752e-04
    12        277   2.069411263903e-04
    12        278   2.040105856008e-04
    12        279   2.016294903825e-04
    12        280   1.987232343578e-04
    12        281   1.958100985334e-04
    12        282   1.920220569409e-04
    12        283   1.885718281537e-04
    12        284   1.850428759029e-04
    12        285   1.827153849510e-04
    12        286   1.796755616859e-04
    12        287   1.783163286340e-04
    12        288   1.761169814887e-04
    12        289   1.733779494711e-04
    12        290   1.719396115538e-04
    12        291   1.698551134873e-04
    12        292   1.672481940008e-04
    12        293   1.655553513029e-04
    12        294   1.646721014080e-04
    12        295   1.634166365679e-04
    12        296   1.615226207101e-04
    12        297   1.595633068127e-04
    12        298   1.587430919089e-04
    12        299   1.575665931519e-04
    12        300   1.557868740177e-04
    12        301   1.535476188579e-04
    12        302   1.520941459350e-04
    12        303   1.506790925402e-04
    12        304   1.492360262322e-04
    12        305   1.471785513566e-04
    12        306   1.443914252516e-04
    12        307   1.424451346970e-04
    12        308   1.410696490882e-04
    12        309   1.399926762522e-04
    12        310   1.390545172325e-04
    12        311   1.382298275696e-04
    12        312   1.371115167056e-04
    12        313   1.354409178523e-04
    12        314   1.332859639603e-04
    12        315   1.316197254850e-04
    12        316   1.297899764330e-04
    12        317   1.286680112057e-04
    12        318   1.273150256609e-04
    12        319   1.266125124922e-04
    12        320   1.256319207508e-04
    12        321   1.246599652511e-04
    12        322   1.237612894169e-04
    12        323   1.222342571174e-04
    12        324   1.198255737418e-04
    12        325   1.170170266132e-04
    12        326   1.146403382174e-04
    12        327   1.113388633571e-04
    12        328   1.075113563522e-04
    12        329   1.044105913991e-04
    12        330   1.021848709704e-04
    12        331   9.998131985811e-05
    12        332   9.821484088024e-05
    12        333   9.686237964535e-05
    12        334   9.524537384886e-05
    12        335   9.403975943711e-05
    12        336   9.322490299890e-05
    12        337   9.267925517920e-05
    12        338   9.230397523252e-05
    12        339   9.186122205884e-05
    12        340   9.135951620953e-05
    12        341   9.101269537160e-05
    12        342   9.067826033204e-05
    12        343   9.024444578176e-05
    12        344   8.967467542986e-05
    12        345   8.890728970845e-05
    12        346   8.788996346365e-05
    12        347   8.662562738948e-05
    12        348   8.550640201621e-05
    12        349   8.431796762043e-05
    12        350   8.362854514710e-05
    12        351   8.278531421835e-05
    12        352   8.206832880608e-05
    12        353   8.125798635705e-05
    12        354   8.100335575956e-05
    12        355   8.067413589785e-05
    12        356   8.042575785117e-05
    12        357   8.016311427383e-05
    12        358   7.983316291127e-05
    12        359   7.944353178468e-05
    12        360   7.907502174620e-05
    12        361   7.859171002422e-05
    12        362   7.800159748494e-05
    12        363   7.739673676610e-05
    12        364   7.679570981511e-05
    12        365   7.604692715746e-05
    12        366   7.504692192351e-05
    12        367   7.394835518260e-05
    12        368   7.299443213038e-05
    12        369   7.180104040660e-05
    12        370   7.025734480270e-05
    12        371   6.908738428080e-05
    12        372   6.755185927687e-05
    12        373   6.590338575674e-05
    12        374   6.446423771378e-05
    12        375   6.331487402489e-05
    12        376   6.197733888147e-05
    12        377   6.123573296068e-05
    12        378   6.033072356215e-05
    12        379   5.940810118032e-05
    12        380   5.873069223927e-05
    12        381   5.800673606970e-05
    12        382   5.748893171831e-05
    12        383   5.699568404582e-05
    12        384   5.654430029156e-05
    12        385   5.621354215779e-05
    12        386   5.593816173810e-05
    12        387   5.576171574728e-05
    12        388   5.557704898052e-05
    12        389   5.530155732347e-05
    12        390   5.500803666902e-05
    12        391   5.483033688247e-05
    12        392   5.458186540397e-05
    12        393   5.428035749533e-05
    12        394   5.405208653086e-05
    12        395   5.378515660881e-05
    12        396   5.354660646906e-05
    12        397   5.331337104464e-05
    12        398   5.309077172033e-05
    12        399   5.286792883485e-05
    12        400   5.254658338816e-05
    12        401   5.213756722156e-05
    12        402   5.159733241522e-05
    12        403   5.109312947293e-05
    12        404   5.071232266463e-05
    12        405   5.046883561111e-05
    12        406   5.027949988312e-05
    12        407   5.007665023438e-05
    12        408   4.989693697188e-05
    12        409   4.976412986024e-05
    12        410   4.968482101564e-05
    12        411   4.964783408923e-05
    12        412   4.961532283010e-05
    12        413   4.957421970664e-05
    12        414   4.953838204103e-05
    12        415   4.950111870128e-05
    12        416   4.945379435550e-05
    12        417   4.937767875302e-05
    12        418   4.925109960052e-05
    12        419   4.903893933406e-05
    12        420   4.869312277744e-05
    12        421   4.818264995299e-05
    12        422   4.768542290845e-05
    12        423   4.729656237712e-05
    12        424   4.697424436528e-05
    12        425   4.675186900216e-05
    12        426   4.643820743544e-05
    12        427   4.601100409440e-05
    12        428   4.556030659275e-05
    12        429   4.519392993785e-05
    12        430   4.490462767137e-05
    12        431   4.464304026430e-05
    12        432   4.435738930753e-05
    12        433   4.417919485744e-05
    12        434   4.401061394854e-05
    12        435   4.391516429503e-05
    12        436   4.386956351510e-05
    12        437   4.382660242985e-05
    12        438   4.380607392251e-05
    12        439   4.378600645505e-05
    12        440   4.377054639615e-05
    12        441   4.374836309695e-05
    12        442   4.371320675489e-05
    12        443   4.366008191103e-05
    12        444   4.358675618898e-05
    12        445   4.347762942059e-05
    12        446   4.331686435433e-05
    12        447   4.312510292037e-05
    12        448   4.297427391231e-05
    12        449   4.283054707832e-05
    12        450   4.265507843781e-05
    12        451   4.249049687355e-05
    12        452   4.231482730044e-05
    12        453   4.220642101638e-05
    12        454   4.214738404495e-05
    12        455   4.210188150788e-05
    12        456   4.203722082807e-05
    12        457   4.193409293241e-05
    12        458   4.178171127622e-05
    12        459   4.162981108691e-05
    12        460   4.151901679195e-05
    12        461   4.138982510427e-05
    12        462   4.130430042493e-05
    12        463   4.126244887315e-05
    12        464   4.122580258781e-05
    12        465   4.121048715988e-05
    12        466   4.120210071845e-05
    12        467   4.119252287638e-05
    12        468   4.118483186444e-05
    12        469   4.117808935067e-05
    12        470   4.117018567174e-05
    12        471   4.115777774816e-05
    12        472   4.113920725557e-05
    12        473   4.111348858260e-05
    12        474   4.108235709377e-05
    12        475   4.104627236756e-05
    12        476   4.101160778003e-05
    12        477   4.096805774367e-05
    12        478   4.089995414047e-05
    12        479   4.079717148131e-05
    12        480   4.067152558118e-05
    12        481   4.054701476064e-05
    12        482   4.042508268609e-05
    12        483   4.033237663992e-05
    12        484   4.023882675397e-05
    12        485   4.012298323663e-05
    12        486   3.995878743013e-05
    12        487   3.973073437491e-05
    12        488   3.958090633160e-05
    12        489   3.937845650659e-05
    12        490   3.917592188518e-05
    12        491   3.899545572716e-05
    12        492   3.876472609876e-05
    12        493   3.855517330975e-05
    12        494   3.842689074784e-05
    12        495   3.837179779087e-05
    12        496   3.831751089156e-05
    12        497   3.827500024078e-05
    12        498   3.824993349166e-05
    12        499   3.824033378697e-05
    12        500   3.822683350418e-05

