# iteration    cost = 1 - F_e
# Nlayers = 10, r_target = 0.8, cutoffA = 10, cutoffB = 2
       0   9.789169689070e-01
       1   9.578064925213e-01
       2   9.546059085777e-01
       3   9.484338135286e-01
       4   9.089366170388e-01
       5   8.731700053171e-01
       6   8.562898256956e-01
       7   8.467163096439e-01
       8   8.419179432235e-01
       9   8.387542238334e-01
      10   8.353818604795e-01
      11   8.335133220018e-01
      12   8.325394153026e-01
      13   8.309085583131e-01
      14   8.290448054741e-01
      15   8.246801747257e-01
      16   8.087212475228e-01
      17   8.048516185101e-01
      18   7.975396339208e-01
      19   7.838742754639e-01
      20   7.607090602803e-01
      21   7.351172015852e-01
      22   7.161489027152e-01
      23   6.824787443756e-01
      24   6.317385531084e-01
      25   5.990144449137e-01
      26   5.580910120892e-01
      27   5.082542888329e-01
      28   4.925390758803e-01
      29   4.744609554226e-01
      30   4.543277916312e-01
      31   4.432567902751e-01
      32   4.415120015416e-01
      33   4.382173580104e-01
      34   4.320419161080e-01
      35   4.204631455991e-01
      36   3.714062640581e-01
      37   3.576947224788e-01
      38   3.311375711012e-01
      39   2.862439892973e-01
      40   2.633087912228e-01
      41   2.279872251886e-01
      42   1.698986704903e-01
      43   9.750321932142e-02
      44   6.620480161479e-02
      45   4.559976438405e-02
      46   3.432048607328e-02
      47   2.867276466772e-02
      48   2.278685323384e-02
      49   1.761864985882e-02
      50   1.382025011185e-02
      51   1.172564395686e-02
      52   1.016754720847e-02
      53   9.758212131630e-03
      54   9.218658228807e-03
      55   8.946793013480e-03
      56   8.571688023294e-03
      57   8.035862304692e-03
      58   7.374001872499e-03
      59   6.812401494381e-03
      60   6.536825905229e-03
      61   6.375914752531e-03
      62   6.232264970833e-03
      63   5.992821968323e-03
      64   5.600454238066e-03
      65   5.113183538070e-03
      66   4.864047162635e-03
      67   4.680648563437e-03
      68   4.518023780405e-03
      69   4.259073704115e-03
      70   3.891223556457e-03
      71   3.646221049211e-03
      72   3.438526091988e-03
      73   3.169690334748e-03
      74   2.891064211568e-03
      75   2.638189816063e-03
      76   2.287789698422e-03
      77   2.046660489867e-03
      78   1.938313409207e-03
      79   1.816013350003e-03
      80   1.701656579488e-03
      81   1.602717716012e-03
      82   1.548772711489e-03
      83   1.510402372664e-03
      84   1.491867019627e-03
      85   1.473045918314e-03
      86   1.456563360078e-03
      87   1.444179034815e-03
      88   1.432687905316e-03
      89   1.418432247747e-03
      90   1.396754851186e-03
      91   1.366968793010e-03
      92   1.339067173485e-03
      93   1.325236884593e-03
      94   1.321110883559e-03
      95   1.318924208743e-03
      96   1.316004072933e-03
      97   1.311853394652e-03
      98   1.306943617545e-03
      99   1.302385299025e-03
     100   1.299646110044e-03
     101   1.298028038392e-03
     102   1.296239626827e-03
     103   1.293361641589e-03
     104   1.288725229666e-03
     105   1.281953160606e-03
     106   1.276389222904e-03
     107   1.273145491281e-03
     108   1.271340713932e-03
     109   1.269396278608e-03
     110   1.266085274885e-03
     111   1.260460143275e-03
     112   1.251918759553e-03
     113   1.245880635985e-03
     114   1.244330987171e-03
     115   1.243753691551e-03
     116   1.243541530611e-03
     117   1.243280359620e-03
     118   1.242855509205e-03
     119   1.242149995147e-03
     120   1.241025749634e-03
     121   1.239556198232e-03
     122   1.238667154316e-03
     123   1.238038105979e-03
     124   1.237762301740e-03
     125   1.237596805425e-03
     126   1.237394743360e-03
     127   1.237184588837e-03
     128   1.236844100840e-03
     129   1.236302134303e-03
     130   1.235533926792e-03
     131   1.234986220213e-03
     132   1.234636147832e-03
     133   1.234483636379e-03
     134   1.234344049233e-03
     135   1.234114963272e-03
     136   1.233734645853e-03
     137   1.233153054016e-03
     138   1.232631268613e-03
     139   1.232412790037e-03
     140   1.232311284388e-03
     141   1.232267426309e-03
     142   1.232198172232e-03
     143   1.232083920278e-03
     144   1.231888953450e-03
     145   1.231554487340e-03
     146   1.230995344712e-03
     147   1.230125796720e-03
     148   1.229121392194e-03
     149   1.228371328191e-03
     150   1.227883107186e-03
     151   1.227643832690e-03
     152   1.227458974054e-03
     153   1.227283272974e-03
     154   1.227006546546e-03
     155   1.226569500290e-03
     156   1.225847472854e-03
     157   1.224612060520e-03
     158   1.222530722652e-03
     159   1.219303588014e-03
     160   1.214524617530e-03
     161   1.207530948322e-03
     162   1.201573866648e-03
     163   1.199156387975e-03
     164   1.198266735738e-03
     165   1.197349668506e-03
     166   1.196994480301e-03
     167   1.196597317485e-03
     168   1.196142057468e-03
     169   1.195486716648e-03
     170   1.194389352278e-03
     171   1.192655530649e-03
     172   1.190046733593e-03
     173   1.186460527471e-03
     174   1.181133620953e-03
     175   1.174673869769e-03
     176   1.172187482116e-03
     177   1.168577120507e-03
     178   1.166181695277e-03
     179   1.164994268091e-03
     180   1.164417009428e-03
     181   1.163588718618e-03
     182   1.162805179562e-03
     183   1.161578672163e-03
     184   1.159688883653e-03
     185   1.157031632093e-03
     186   1.154358186195e-03
     187   1.150820724646e-03
     188   1.145279857683e-03
     189   1.137230638888e-03
     190   1.129647707517e-03
     191   1.122632417004e-03
     192   1.116898321314e-03
     193   1.108759589387e-03
     194   1.100939696422e-03
     195   1.096290332330e-03
     196   1.088789475473e-03
     197   1.078411752530e-03
     198   1.071571621302e-03
     199   1.065659634600e-03
     200   1.059729259460e-03
     201   1.054130499204e-03
     202   1.048489929930e-03
     203   1.046185934756e-03
     204   1.043180572427e-03
     205   1.041075351743e-03
     206   1.039606568589e-03
     207   1.038039337748e-03
     208   1.036796355927e-03
     209   1.035476536308e-03
     210   1.034629777481e-03
     211   1.033942876130e-03
     212   1.033152553663e-03
     213   1.032278103133e-03
     214   1.031384159940e-03
     215   1.030126504259e-03
     216   1.028105639796e-03
     217   1.024618528770e-03
     218   1.018514110533e-03
     219   1.008299357675e-03
     220   9.942122181098e-04
     221   9.865598778889e-04
     222   9.737308524018e-04
     223   9.541109423890e-04
     224   9.418271563014e-04
     225   9.293483329291e-04
     226   9.162925384451e-04
     227   9.021216392051e-04
     228   8.886984571431e-04
     229   8.714636324018e-04
     230   8.544753163849e-04
     231   8.299911723797e-04
     232   8.016513285923e-04
     233   7.882354929937e-04
     234   7.703535138167e-04
     235   7.496529438461e-04
     236   7.264877119292e-04
     237   7.174755982169e-04
     238   7.054528491693e-04
     239   6.960715499237e-04
     240   6.865391240267e-04
     241   6.739390966896e-04
     242   6.608388729009e-04
     243   6.510975813799e-04
     244   6.364429245105e-04
     245   6.203916875700e-04
     246   6.143496416057e-04
     247   6.041790657282e-04
     248   5.897117467150e-04
     249   5.759950226282e-04
     250   5.726538142276e-04
     251   5.671948179850e-04
     252   5.599861028159e-04
     253   5.545780767600e-04
     254   5.511663774995e-04
     255   5.477015930512e-04
     256   5.454888146210e-04
     257   5.436143228000e-04
     258   5.423127879461e-04
     259   5.407429803094e-04
     260   5.395064724873e-04
     261   5.382736681456e-04
     262   5.367118259807e-04
     263   5.347421308238e-04
     264   5.328692408015e-04
     265   5.310711325121e-04
     266   5.289251346315e-04
     267   5.270776941996e-04
     268   5.256027354733e-04
     269   5.239294516447e-04
     270   5.223157637769e-04
     271   5.210360713157e-04
     272   5.197354885405e-04
     273   5.182125333374e-04
     274   5.174499242275e-04
     275   5.168599003831e-04
     276   5.164265729508e-04
     277   5.157838492715e-04
     278   5.150512426840e-04
     279   5.143654085173e-04
     280   5.136908291135e-04
     281   5.130229737782e-04
     282   5.122874566698e-04
     283   5.114479412553e-04
     284   5.104070025002e-04
     285   5.092720628949e-04
     286   5.083571233817e-04
     287   5.078168252624e-04
     288   5.074449583065e-04
     289   5.069445601152e-04
     290   5.061288098389e-04
     291   5.047727904269e-04
     292   5.026507702398e-04
     293   5.000500728929e-04
     294   4.978038367136e-04
     295   4.949640977184e-04
     296   4.922806448238e-04
     297   4.916956140850e-04
     298   4.908418565961e-04
     299   4.898203737125e-04
     300   4.891068959765e-04
     301   4.882533129822e-04
     302   4.871778089154e-04
     303   4.859680678626e-04
     304   4.851116045959e-04
     305   4.841064774229e-04
     306   4.831873241171e-04
     307   4.824252536280e-04
     308   4.818546876385e-04
     309   4.813274848157e-04
     310   4.809377705572e-04
     311   4.807488649361e-04
     312   4.805874473195e-04
     313   4.803828446462e-04
     314   4.801225163135e-04
     315   4.797480924542e-04
     316   4.792724774617e-04
     317   4.787885806136e-04
     318   4.782886435598e-04
     319   4.777796690351e-04
     320   4.774707868775e-04
     321   4.771478416989e-04
     322   4.767353113146e-04
     323   4.760653247657e-04
     324   4.752476082950e-04
     325   4.749705418305e-04
     326   4.748391933248e-04
     327   4.747744786880e-04
     328   4.746974447576e-04
     329   4.745775003349e-04
     330   4.744014619953e-04
     331   4.742218397152e-04
     332   4.740603820045e-04
     333   4.738787448398e-04
     334   4.737110960511e-04
     335   4.735035346729e-04
     336   4.732148744470e-04
     337   4.728230285569e-04
     338   4.724342722349e-04
     339   4.721927262432e-04
     340   4.720236549121e-04
     341   4.718583161051e-04
     342   4.717151968555e-04
     343   4.715948291576e-04
     344   4.714528155199e-04
     345   4.712315634516e-04
     346   4.709582522497e-04
     347   4.707623435353e-04
     348   4.705835585338e-04
     349   4.704563761351e-04
     350   4.703215196653e-04
     351   4.701643283872e-04
     352   4.700090361545e-04
     353   4.699206910892e-04
     354   4.698711367068e-04
     355   4.698198064881e-04
     356   4.697373846924e-04
     357   4.695942771946e-04
     358   4.693387658290e-04
     359   4.688870068140e-04
     360   4.681335861985e-04
     361   4.671030844341e-04
     362   4.665826469825e-04
     363   4.660968949359e-04
     364   4.660478999685e-04
     365   4.659580155152e-04
     366   4.658126246013e-04
     367   4.657266452823e-04
     368   4.657140244427e-04
     369   4.656982680682e-04
     370   4.656932384157e-04
     371   4.656877547791e-04
     372   4.656840914342e-04
     373   4.656825006149e-04
     374   4.656814518674e-04
     375   4.656806558363e-04
     376   4.656804095902e-04
