# iteration    cost = 1 - F_e
# Nlayers = 9, r_target = 0.3, cutoffA = 10, cutoffB = 2
       0   9.164239307671e-01
       1   7.282712767762e-01
       2   6.889075100241e-01
       3   6.251863626172e-01
       4   5.232948247782e-01
       5   3.961010623102e-01
       6   3.656902309976e-01
       7   3.582233284495e-01
       8   3.544767526289e-01
       9   3.514922222334e-01
      10   3.503098699078e-01
      11   3.498140990340e-01
      12   3.493962095246e-01
      13   3.491767080463e-01
      14   3.490521158139e-01
      15   3.488659925607e-01
      16   3.486712405069e-01
      17   3.485052991811e-01
      18   3.483449113262e-01
      19   3.481643538246e-01
      20   3.478835320325e-01
      21   3.474491737885e-01
      22   3.467736165301e-01
      23   3.456946104184e-01
      24   3.439034155769e-01
      25   3.411121030153e-01
      26   3.393241844408e-01
      27   3.363756508615e-01
      28   3.314841181228e-01
      29   3.245488416919e-01
      30   3.178953964671e-01
      31   3.066605740464e-01
      32   2.896328382338e-01
      33   2.830957786905e-01
      34   2.750226793847e-01
      35   2.677647875728e-01
      36   2.643464066523e-01
      37   2.594113462498e-01
      38   2.518034632938e-01
      39   2.398855048301e-01
      40   2.263103320413e-01
      41   2.033536141443e-01
      42   1.724487483940e-01
      43   1.563696708881e-01
      44   1.370488224193e-01
      45   1.242651073319e-01
      46   1.075447616746e-01
      47   9.164340301820e-02
      48   7.582549431768e-02
      49   6.805466241971e-02
      50   5.675254722489e-02
      51   4.885551969400e-02
      52   4.252023155970e-02
      53   3.870933379889e-02
      54   3.615999377504e-02
      55   3.329623693062e-02
      56   3.110122849583e-02
      57   2.866128089293e-02
      58   2.636879556835e-02
      59   2.458862150841e-02
      60   2.378744507025e-02
      61   2.298566467137e-02
      62   2.230948123812e-02
      63   2.147187899319e-02
      64   2.027855132530e-02
      65   1.831844292888e-02
      66   1.684683705727e-02
      67   1.443795994741e-02
      68   1.071637580923e-02
      69   8.290123897075e-03
      70   6.689120762047e-03
      71   5.814152499585e-03
      72   5.236657876959e-03
      73   4.785665906267e-03
      74   4.377229078597e-03
      75   3.845412691699e-03
      76   3.320873159304e-03
      77   3.088242304184e-03
      78   2.823518613859e-03
      79   2.424234168183e-03
      80   1.966287313641e-03
      81   1.577476645004e-03
      82   1.291591137849e-03
      83   1.024909744256e-03
      84   9.177188516641e-04
      85   8.371522927925e-04
      86   7.899262550604e-04
      87   7.688493514112e-04
      88   7.492952381530e-04
      89   7.191006055496e-04
      90   6.798877033808e-04
      91   6.404436956911e-04
      92   5.963654914843e-04
      93   5.562606068819e-04
      94   5.233529421861e-04
      95   4.909860285253e-04
      96   4.531500954255e-04
      97   4.319047824716e-04
      98   4.158633112070e-04
      99   4.065533990698e-04
     100   3.975934978289e-04
     101   3.892820831919e-04
     102   3.848082582181e-04
     103   3.788791934650e-04
     104   3.694890005348e-04
     105   3.556216352191e-04
     106   3.408840402251e-04
     107   3.299039012280e-04
     108   3.166510814177e-04
     109   3.049024543458e-04
     110   2.943726948647e-04
     111   2.822954834033e-04
     112   2.690499203755e-04
     113   2.591115505416e-04
     114   2.536573618096e-04
     115   2.471319795189e-04
     116   2.435677197150e-04
     117   2.411966931081e-04
     118   2.387746427683e-04
     119   2.349821657640e-04
     120   2.294071505234e-04
     121   2.234492782659e-04
     122   2.174247623743e-04
     123   2.125468718194e-04
     124   2.084575136493e-04
     125   2.046169932199e-04
     126   2.019859802823e-04
     127   1.998998695697e-04
     128   1.981266294974e-04
     129   1.961679558120e-04
     130   1.940546409657e-04
     131   1.911839231699e-04
     132   1.871678683411e-04
     133   1.813585478265e-04
     134   1.737533083971e-04
     135   1.690223150476e-04
     136   1.620974044171e-04
     137   1.546119750307e-04
     138   1.507496646863e-04
     139   1.491738324461e-04
     140   1.470691210773e-04
     141   1.454382085480e-04
     142   1.440529245909e-04
     143   1.429718168839e-04
     144   1.418264864664e-04
     145   1.408114586503e-04
     146   1.401329659211e-04
     147   1.390406192638e-04
     148   1.376058153585e-04
     149   1.352309416524e-04
     150   1.311934722665e-04
     151   1.249306904867e-04
     152   1.193251762797e-04
     153   1.149113023879e-04
     154   1.100103874967e-04
     155   1.038329441577e-04
     156   9.892799123079e-05
     157   9.402321764673e-05
     158   8.584753820429e-05
     159   7.416873743804e-05
     160   6.897339115763e-05
     161   6.398682587583e-05
     162   6.235748207317e-05
     163   5.987413620379e-05
     164   5.781096995794e-05
     165   5.651863024414e-05
     166   5.575005896785e-05
     167   5.480331541052e-05
     168   5.396147773729e-05
     169   5.342557420984e-05
     170   5.320955329846e-05
     171   5.308720986308e-05
     172   5.289138910736e-05
     173   5.257287206573e-05
     174   5.206706585315e-05
     175   5.132038857736e-05
     176   5.046201172487e-05
     177   4.948277476136e-05
     178   4.890215810249e-05
     179   4.869614722636e-05
     180   4.851126653838e-05
     181   4.820926679416e-05
     182   4.766253609545e-05
     183   4.666190550207e-05
     184   4.487262467390e-05
     185   4.195893362924e-05
     186   3.880743678353e-05
     187   3.704551240358e-05
     188   3.551262006485e-05
     189   3.444202321279e-05
     190   3.395049958888e-05
     191   3.350986575756e-05
     192   3.311278025275e-05
     193   3.295074005505e-05
     194   3.282737496790e-05
     195   3.274793148345e-05
     196   3.269364897607e-05
     197   3.264133169556e-05
     198   3.260341484579e-05
     199   3.258318900778e-05
     200   3.256636331339e-05
     201   3.255196473151e-05
     202   3.254191900470e-05
     203   3.253098212863e-05
     204   3.251511413227e-05
     205   3.248866179628e-05
     206   3.244310442707e-05
     207   3.236306958099e-05
     208   3.222170029238e-05
     209   3.197395418486e-05
     210   3.155035583380e-05
     211   3.087443315142e-05
     212   2.994073056639e-05
     213   2.894255375763e-05
     214   2.843730288249e-05
     215   2.761326456868e-05
     216   2.655734820933e-05
     217   2.606425399776e-05
     218   2.598326806380e-05
     219   2.584606855949e-05
     220   2.563863760030e-05
     221   2.543776626363e-05
     222   2.528944840952e-05
     223   2.506815471148e-05
     224   2.476539495833e-05
     225   2.459423854273e-05
     226   2.455216127917e-05
     227   2.452059906743e-05
     228   2.448800431343e-05
     229   2.446500289555e-05
     230   2.443866496205e-05
     231   2.440536640536e-05
     232   2.437765958019e-05
     233   2.434927674000e-05
     234   2.433403540369e-05
     235   2.432030830546e-05
     236   2.430064332815e-05
     237   2.426747898143e-05
     238   2.421293790067e-05
     239   2.412528371054e-05
     240   2.398211725407e-05
     241   2.374447535047e-05
     242   2.338022285997e-05
     243   2.294721819485e-05
     244   2.280211037775e-05
     245   2.255065867818e-05
     246   2.213732594303e-05
     247   2.144533303683e-05
     248   2.065315172162e-05
     249   1.969091735843e-05
     250   1.913263493880e-05
     251   1.870742254784e-05
     252   1.798651122098e-05
     253   1.713814899929e-05
     254   1.676937990169e-05
     255   1.666750205576e-05
     256   1.653183600769e-05
     257   1.646700743874e-05
     258   1.638587427299e-05
     259   1.630297676480e-05
     260   1.618704724438e-05
     261   1.614246430681e-05
     262   1.606433892731e-05
     263   1.595213214312e-05
     264   1.586589780034e-05
     265   1.578915494749e-05
     266   1.568425281595e-05
     267   1.554395233827e-05
     268   1.538193343609e-05
     269   1.532581098118e-05
     270   1.525387706414e-05
     271   1.521593912657e-05
     272   1.518381447374e-05
     273   1.514608052533e-05
     274   1.509695683355e-05
     275   1.504182847367e-05
     276   1.498372449926e-05
     277   1.494589355044e-05
     278   1.493067994174e-05
     279   1.490825590678e-05
     280   1.487658877497e-05
     281   1.482476556591e-05
     282   1.473484032077e-05
     283   1.457664122373e-05
     284   1.441914953160e-05
     285   1.421741069674e-05
     286   1.405162568147e-05
     287   1.398830895072e-05
     288   1.393593355714e-05
     289   1.390797067802e-05
     290   1.385914415442e-05
     291   1.377484819942e-05
     292   1.364456708164e-05
     293   1.349654635208e-05
     294   1.336992641232e-05
     295   1.326220194653e-05
     296   1.323748726934e-05
     297   1.319647806952e-05
     298   1.315743105013e-05
     299   1.314023396248e-05
     300   1.312572957490e-05
     301   1.311663589076e-05
     302   1.310764002060e-05
     303   1.310113926356e-05
     304   1.309393717230e-05
     305   1.308235950925e-05
     306   1.306489785491e-05
     307   1.304777432865e-05
     308   1.303488895354e-05
     309   1.301926542197e-05
     310   1.299552832223e-05
     311   1.296823925689e-05
     312   1.295090794573e-05
     313   1.293675342562e-05
     314   1.292493041405e-05
     315   1.291035712470e-05
     316   1.289296626705e-05
     317   1.288337198391e-05
     318   1.287980090381e-05
     319   1.287732978583e-05
     320   1.287468885180e-05
     321   1.287014746199e-05
     322   1.286222868513e-05
     323   1.284849678229e-05
     324   1.282479490239e-05
     325   1.278426855489e-05
     326   1.271658845436e-05
     327   1.261048318779e-05
     328   1.247225912693e-05
     329   1.232257046613e-05
     330   1.217607374682e-05
     331   1.211948133861e-05
     332   1.210444306343e-05
     333   1.209705642324e-05
     334   1.209296457916e-05
     335   1.208729277080e-05
     336   1.208253534946e-05
     337   1.208018463383e-05
     338   1.207848833307e-05
     339   1.207788759172e-05
     340   1.207744043785e-05
     341   1.207677422232e-05
     342   1.207621516797e-05
     343   1.207577378148e-05
     344   1.207550767390e-05
     345   1.207536255354e-05
     346   1.207524683655e-05
