# iteration    cost = 1 - F_e
# Nlayers = 4, r_target = 0.3, cutoffA = 10, cutoffB = 2
       0   5.490279150708e-01
       1   3.613802765340e-01
       2   3.516313100539e-01
       3   3.510469822576e-01
       4   3.501288419410e-01
       5   3.494578936993e-01
       6   3.493676264956e-01
       7   3.492268167584e-01
       8   3.490706492864e-01
       9   3.489899510300e-01
      10   3.489522212624e-01
      11   3.489366501008e-01
      12   3.489164303476e-01
      13   3.488957005227e-01
      14   3.488798208525e-01
      15   3.488715367396e-01
      16   3.488679021457e-01
      17   3.488637187485e-01
      18   3.488564125700e-01
      19   3.488425360274e-01
      20   3.484250395208e-01
      21   3.484025008450e-01
      22   3.481890692205e-01
      23   3.478053650328e-01
      24   3.472120876378e-01
      25   3.463500357418e-01
      26   3.448087505572e-01
      27   3.420380814438e-01
      28   3.379544974691e-01
      29   3.356011931377e-01
      30   3.321141072008e-01
      31   3.269957651167e-01
      32   3.194709587690e-01
      33   3.089098710093e-01
      34   2.953905176080e-01
      35   2.829967798796e-01
      36   2.743181709401e-01
      37   2.717873800986e-01
      38   2.678987956900e-01
      39   2.654294347724e-01
      40   2.640265111922e-01
      41   2.619499996715e-01
      42   2.582242055410e-01
      43   2.441803096557e-01
      44   2.419753060501e-01
      45   2.380013128680e-01
      46   2.308579836491e-01
      47   2.190169918783e-01
      48   2.045060817381e-01
      49   1.917313726788e-01
      50   1.868383795269e-01
      51   1.846841543159e-01
      52   1.839420493598e-01
      53   1.832369114111e-01
      54   1.829260316633e-01
      55   1.824705908938e-01
      56   1.819595547511e-01
      57   1.815296090275e-01
      58   1.808760811837e-01
      59   1.799631781996e-01
      60   1.792120658623e-01
      61   1.786481927080e-01
      62   1.779305318914e-01
      63   1.767497444955e-01
      64   1.751771369067e-01
      65   1.743580253454e-01
      66   1.731603318549e-01
      67   1.712605236893e-01
      68   1.695147083045e-01
      69   1.685091950953e-01
      70   1.678155634439e-01
      71   1.675114724086e-01
      72   1.673578314058e-01
      73   1.671315329737e-01
      74   1.668249412072e-01
      75   1.666699545941e-01
      76   1.665799036980e-01
      77   1.665199148329e-01
      78   1.664766242357e-01
      79   1.664414266378e-01
      80   1.664194451269e-01
      81   1.664133251961e-01
      82   1.664122225512e-01
      83   1.664119882646e-01
      84   1.664118855344e-01
      85   1.664118536642e-01
      86   1.664118421974e-01
      87   1.664118374047e-01
      88   1.664118362431e-01
      89   1.664118361111e-01
