# iteration    cost = 1 - F_e
# Nlayers = 6, r_target = 0.3, cutoffA = 10, cutoffB = 2
       0   9.900255025082e-01
       1   6.333826429387e-01
       2   6.317684330519e-01
       3   5.662212148290e-01
       4   4.504033769877e-01
       5   3.746417796067e-01
       6   3.567531771680e-01
       7   3.495298918039e-01
       8   3.473388199097e-01
       9   3.440895721277e-01
      10   3.403189544339e-01
      11   3.356599902399e-01
      12   3.293297643706e-01
      13   3.188248035699e-01
      14   3.028497505388e-01
      15   2.929822407321e-01
      16   2.788177667144e-01
      17   2.638189313097e-01
      18   2.585355141790e-01
      19   2.486114982583e-01
      20   2.300694215521e-01
      21   2.164806977919e-01
      22   2.033135183498e-01
      23   1.898896006991e-01
      24   1.726500573131e-01
      25   1.472311592884e-01
      26   1.304115089248e-01
      27   1.127691499971e-01
      28   9.563526379297e-02
      29   7.738224009319e-02
      30   6.500206549451e-02
      31   5.471555504723e-02
      32   4.713658851863e-02
      33   3.934693734144e-02
      34   3.326114864767e-02
      35   2.732466868795e-02
      36   2.514865392339e-02
      37   2.299987292908e-02
      38   2.067656336658e-02
      39   1.869604669328e-02
      40   1.729179992319e-02
      41   1.566142431317e-02
      42   1.469902635851e-02
      43   1.390796208660e-02
      44   1.339610623048e-02
      45   1.278842232056e-02
      46   1.234714500031e-02
      47   1.167412693153e-02
      48   1.068249690060e-02
      49   9.709203062176e-03
      50   9.321129804335e-03
      51   8.632985672457e-03
      52   7.481741193525e-03
      53   5.937712031049e-03
      54   5.324703957357e-03
      55   4.899597951020e-03
      56   4.564754666418e-03
      57   4.272555228962e-03
      58   4.085807217288e-03
      59   3.866850119432e-03
      60   3.616550822398e-03
      61   3.306171935448e-03
      62   2.878014386357e-03
      63   2.522815183050e-03
      64   2.341664199158e-03
      65   2.232898733239e-03
      66   2.100748282008e-03
      67   1.904856646576e-03
      68   1.676062894343e-03
      69   1.491706017358e-03
      70   1.298693000150e-03
      71   1.180221674136e-03
      72   1.135852232292e-03
      73   1.094803639398e-03
      74   1.055569715597e-03
      75   9.954479137022e-04
      76   9.258672193078e-04
      77   8.536397601033e-04
      78   7.819624285034e-04
      79   7.467869699931e-04
      80   7.113339207241e-04
      81   6.879888473819e-04
      82   6.580909021437e-04
      83   6.225311177248e-04
      84   6.111245680691e-04
      85   5.956327903067e-04
      86   5.830267448377e-04
      87   5.723819975151e-04
      88   5.654811236826e-04
      89   5.614135290044e-04
      90   5.591092661641e-04
      91   5.566292730605e-04
      92   5.543092968193e-04
      93   5.509493140727e-04
      94   5.462555986822e-04
      95   5.413629390515e-04
      96   5.365310510547e-04
      97   5.310254143102e-04
      98   5.231886562349e-04
      99   5.108708667418e-04
     100   4.923152210067e-04
     101   4.750551894468e-04
     102   4.679649758182e-04
     103   4.590654464454e-04
     104   4.546465997944e-04
     105   4.531259719408e-04
     106   4.520400545374e-04
     107   4.506734164287e-04
     108   4.493423077995e-04
     109   4.483200653743e-04
     110   4.477310801230e-04
     111   4.472943266211e-04
     112   4.469500354434e-04
     113   4.467617815442e-04
     114   4.466699553594e-04
     115   4.465978370760e-04
     116   4.464928885732e-04
     117   4.463397339631e-04
     118   4.461757729470e-04
     119   4.460412479019e-04
     120   4.459454970082e-04
     121   4.458534506112e-04
     122   4.457078045825e-04
     123   4.454686759826e-04
     124   4.450726426830e-04
     125   4.444418485409e-04
     126   4.435674732435e-04
     127   4.428900569815e-04
     128   4.423812825977e-04
     129   4.421907146672e-04
     130   4.421171001516e-04
     131   4.420813093582e-04
     132   4.420745785515e-04
     133   4.420735929886e-04
     134   4.420732980023e-04
