# iteration    cost = 1 - F_e
# Nlayers = 3, r_target = 0.3, cutoffA = 10, cutoffB = 2
       0   9.111440054284e-01
       1   3.784094556334e-01
       2   3.546361946144e-01
       3   3.527075538081e-01
       4   3.516797642601e-01
       5   3.510060000225e-01
       6   3.500373634082e-01
       7   3.492545560221e-01
       8   3.491068493879e-01
       9   3.490544418614e-01
      10   3.490330062403e-01
      11   3.490033745007e-01
      12   3.489712441827e-01
      13   3.489352425250e-01
      14   3.489085960682e-01
      15   3.488964808525e-01
      16   3.488930396125e-01
      17   3.488915975357e-01
      18   3.488899584354e-01
      19   3.488882480928e-01
      20   3.488870918546e-01
      21   3.488866443622e-01
      22   3.488865057745e-01
      23   3.488864512003e-01
      24   3.488864129941e-01
      25   3.488863670543e-01
      26   3.488863108848e-01
      27   3.488862697476e-01
      28   3.488862568601e-01
      29   3.488862555274e-01
