# iteration    cost = 1 - F_e
# Nlayers = 8, r_target = 0.3, cutoffA = 10, cutoffB = 2
       0   8.375407490144e-01
       1   6.146752390165e-01
       2   4.798676446837e-01
       3   4.462645061306e-01
       4   4.064474141400e-01
       5   3.679243394520e-01
       6   3.577853050899e-01
       7   3.537934388134e-01
       8   3.508061619973e-01
       9   3.502342973175e-01
      10   3.498016525144e-01
      11   3.495401738267e-01
      12   3.492562629812e-01
      13   3.491639368776e-01
      14   3.490581589618e-01
      15   3.490272203277e-01
      16   3.490107517045e-01
      17   3.489946670905e-01
      18   3.489720934242e-01
      19   3.489419597235e-01
      20   3.489106573670e-01
      21   3.488906654100e-01
      22   3.488827823799e-01
      23   3.488800477025e-01
      24   3.488784988260e-01
      25   3.488771837036e-01
      26   3.488759226781e-01
      27   3.488744121971e-01
      28   3.488724174163e-01
      29   3.488701500178e-01
      30   3.488682848648e-01
      31   3.488670260711e-01
      32   3.488660345955e-01
      33   3.488650799683e-01
      34   3.488636962380e-01
      35   3.488613869642e-01
      36   3.488574464931e-01
      37   3.488505033190e-01
      38   3.488380416642e-01
      39   3.488194238004e-01
      40   3.487928394887e-01
      41   3.487457463918e-01
      42   3.486607262539e-01
      43   3.485231900488e-01
      44   3.483879688513e-01
      45   3.481370416756e-01
      46   3.476566784152e-01
      47   3.453861118834e-01
      48   3.438062623614e-01
      49   3.415145618439e-01
      50   3.398682548314e-01
      51   3.369421970225e-01
      52   3.312812896461e-01
      53   3.209139416879e-01
      54   3.064346594093e-01
      55   2.927042958490e-01
      56   2.834414827972e-01
      57   2.672667182718e-01
      58   2.446539776061e-01
      59   2.234292781895e-01
      60   2.157661602577e-01
      61   2.027745058008e-01
      62   1.811346698406e-01
      63   1.662543782253e-01
      64   1.498117681826e-01
      65   1.266168031871e-01
      66   1.098458425146e-01
      67   9.691997265906e-02
      68   8.159279562515e-02
      69   7.506202459802e-02
      70   6.477513498514e-02
      71   5.160283949097e-02
      72   4.532865597172e-02
      73   3.766067744655e-02
      74   3.232411349131e-02
      75   2.720757029174e-02
      76   2.360782373311e-02
      77   2.152519022996e-02
      78   1.863364762714e-02
      79   1.534554124770e-02
      80   1.326620379148e-02
      81   1.155584447279e-02
      82   1.031698330863e-02
      83   9.243291093746e-03
      84   8.412201822810e-03
      85   7.883047119980e-03
      86   7.493766387299e-03
      87   6.925436839854e-03
      88   6.276488675717e-03
      89   5.646670320706e-03
      90   4.994046328364e-03
      91   4.173226942087e-03
      92   3.656089240732e-03
      93   3.135237354274e-03
      94   2.981986154290e-03
      95   2.772443444938e-03
      96   2.615727712688e-03
      97   2.455483520741e-03
      98   2.234787746577e-03
      99   1.911641297551e-03
     100   1.599547024892e-03
     101   1.499315131009e-03
     102   1.418344436991e-03
     103   1.370470067235e-03
     104   1.334582297983e-03
     105   1.312084165345e-03
     106   1.282771348927e-03
     107   1.239609089462e-03
     108   1.187601031846e-03
     109   1.127189193071e-03
     110   1.055044216014e-03
     111   9.919161475319e-04
     112   9.511207159194e-04
     113   9.094006212655e-04
     114   8.472526422429e-04
     115   7.657626493444e-04
     116   7.166637938804e-04
     117   6.752918980183e-04
     118   6.331892466863e-04
     119   5.986977555023e-04
     120   5.738480632047e-04
     121   5.548615186689e-04
     122   5.400955370470e-04
     123   5.296823762841e-04
     124   5.221768235938e-04
     125   5.180344600555e-04
     126   5.150292116594e-04
     127   5.118400117868e-04
     128   5.072564499361e-04
     129   5.008621843959e-04
     130   4.958033765052e-04
     131   4.915920628686e-04
     132   4.864822079912e-04
     133   4.812180633093e-04
     134   4.778785438623e-04
     135   4.766862383653e-04
     136   4.762027423990e-04
     137   4.756957602923e-04
     138   4.748836081402e-04
     139   4.735794466157e-04
     140   4.715853017419e-04
     141   4.692709859946e-04
     142   4.674154104853e-04
     143   4.660849994258e-04
     144   4.651821113280e-04
     145   4.641080318425e-04
     146   4.630478241566e-04
     147   4.622031826972e-04
     148   4.617277899338e-04
     149   4.614528831959e-04
     150   4.611947517077e-04
     151   4.608044418839e-04
     152   4.601654938035e-04
     153   4.590984060212e-04
     154   4.573497225099e-04
     155   4.546824874747e-04
     156   4.516210541078e-04
     157   4.487761361868e-04
     158   4.445937579470e-04
     159   4.389628865910e-04
     160   4.353035789140e-04
     161   4.344601042249e-04
     162   4.335348303175e-04
     163   4.332468192296e-04
     164   4.330752823175e-04
     165   4.329773019305e-04
     166   4.329135732235e-04
     167   4.328925831882e-04
     168   4.328851486342e-04
     169   4.328807900351e-04
     170   4.328783629581e-04
     171   4.328765748144e-04
     172   4.328743933306e-04
     173   4.328708884388e-04
     174   4.328649416209e-04
     175   4.328544380765e-04
     176   4.328355122581e-04
     177   4.328012478950e-04
     178   4.327397636738e-04
     179   4.326315978644e-04
     180   4.324485260525e-04
     181   4.321592283071e-04
     182   4.317614244675e-04
     183   4.313820132567e-04
     184   4.310758795409e-04
     185   4.310228141904e-04
     186   4.310150965208e-04
     187   4.310127096525e-04
     188   4.310104358108e-04
     189   4.310065530873e-04
     190   4.309995083546e-04
     191   4.309864327112e-04
     192   4.309621410780e-04
     193   4.309175683344e-04
     194   4.308378969009e-04
     195   4.307022293401e-04
     196   4.304918876765e-04
     197   4.302460415119e-04
     198   4.300058549914e-04
     199   4.297970373650e-04
     200   4.297405631724e-04
     201   4.297319061644e-04
     202   4.297288713133e-04
     203   4.297238062350e-04
     204   4.297147422148e-04
     205   4.296981331386e-04
     206   4.296675123845e-04
     207   4.296113895157e-04
     208   4.295098747908e-04
     209   4.293298661190e-04
     210   4.290196985776e-04
     211   4.285077658187e-04
     212   4.277373647712e-04
     213   4.268251966821e-04
     214   4.260479784745e-04
     215   4.251355743898e-04
     216   4.244200620428e-04
     217   4.241282456917e-04
     218   4.238626205471e-04
     219   4.237573644010e-04
     220   4.236727910736e-04
     221   4.236050607225e-04
     222   4.235794928671e-04
     223   4.235656686555e-04
     224   4.235623697472e-04
     225   4.235597682671e-04
     226   4.235569564264e-04
     227   4.235521508366e-04
     228   4.235435456265e-04
     229   4.235281170802e-04
     230   4.235006599825e-04
     231   4.234524386981e-04
     232   4.233687626445e-04
     233   4.232232764667e-04
     234   4.229718530709e-04
     235   4.225349744925e-04
     236   4.218789352598e-04
     237   4.208898783387e-04
     238   4.192610703769e-04
     239   4.167783958025e-04
     240   4.163782319634e-04
     241   4.135782835506e-04
     242   4.112576438599e-04
     243   4.111814470505e-04
     244   4.105179590690e-04
     245   4.094327053719e-04
     246   4.085447536096e-04
     247   4.081807760794e-04
     248   4.076799262833e-04
     249   4.070021218170e-04
     250   4.065134870223e-04
     251   4.057653942149e-04
     252   4.047049581202e-04
     253   4.034693555629e-04
     254   4.020120134891e-04
     255   4.011486156006e-04
     256   4.004495725718e-04
     257   3.998955301066e-04
     258   3.997809509875e-04
     259   3.995725139393e-04
     260   3.992043546416e-04
     261   3.987062977342e-04
     262   3.984659492181e-04
     263   3.982589869231e-04
     264   3.980451537291e-04
     265   3.979475971982e-04
     266   3.978869245573e-04
     267   3.977922286392e-04
     268   3.976539225965e-04
     269   3.975333406413e-04
     270   3.974602474400e-04
     271   3.974150709664e-04
     272   3.973978749844e-04
     273   3.973783315636e-04
     274   3.973603298987e-04
     275   3.973447332113e-04
     276   3.973287648611e-04
     277   3.973215063705e-04
     278   3.973144424143e-04
     279   3.973092828145e-04
     280   3.973075254180e-04
     281   3.973053949063e-04
     282   3.973023599574e-04
     283   3.972994695729e-04
     284   3.972967368810e-04
     285   3.972947964093e-04
     286   3.972937861146e-04
     287   3.972932471670e-04
