# nlayer   iteration    cost = 1 - F_e
# r_target = 0.3, cutoffA = 10, cutoffB = 2
     1          0   3.590644441786e-01
     1          1   3.535546338789e-01
     1          2   3.507148855573e-01
     1          3   3.488874059777e-01
     1          4   3.488863134114e-01
     1          5   3.488862555747e-01

     2          0   6.489430498634e-01
     2          1   3.777014036928e-01
     2          2   3.687795099185e-01
     2          3   3.551634866397e-01
     2          4   3.512288468678e-01
     2          5   3.500814983042e-01
     2          6   3.496630646965e-01
     2          7   3.494629212854e-01
     2          8   3.491471877946e-01
     2          9   3.489113231895e-01
     2         10   3.488872620155e-01
     2         11   3.488862667162e-01
     2         12   3.488862563917e-01
     2         13   3.488862555030e-01

     3          0   9.111440054284e-01
     3          1   3.784094556334e-01
     3          2   3.546361946144e-01
     3          3   3.527075538081e-01
     3          4   3.516797642601e-01
     3          5   3.510060000225e-01
     3          6   3.500373634082e-01
     3          7   3.492545560221e-01
     3          8   3.491068493879e-01
     3          9   3.490544418614e-01
     3         10   3.490330062403e-01
     3         11   3.490033745007e-01
     3         12   3.489712441827e-01
     3         13   3.489352425250e-01
     3         14   3.489085960682e-01
     3         15   3.488964808525e-01
     3         16   3.488930396125e-01
     3         17   3.488915975357e-01
     3         18   3.488899584354e-01
     3         19   3.488882480928e-01
     3         20   3.488870918546e-01
     3         21   3.488866443622e-01
     3         22   3.488865057745e-01
     3         23   3.488864512003e-01
     3         24   3.488864129941e-01
     3         25   3.488863670543e-01
     3         26   3.488863108848e-01
     3         27   3.488862697476e-01
     3         28   3.488862568601e-01
     3         29   3.488862555274e-01

     4          0   5.490279150708e-01
     4          1   3.613802765340e-01
     4          2   3.516313100539e-01
     4          3   3.510469822576e-01
     4          4   3.501288419410e-01
     4          5   3.494578936993e-01
     4          6   3.493676264956e-01
     4          7   3.492268167584e-01
     4          8   3.490706492864e-01
     4          9   3.489899510300e-01
     4         10   3.489522212624e-01
     4         11   3.489366501008e-01
     4         12   3.489164303476e-01
     4         13   3.488957005227e-01
     4         14   3.488798208525e-01
     4         15   3.488715367396e-01
     4         16   3.488679021457e-01
     4         17   3.488637187485e-01
     4         18   3.488564125700e-01
     4         19   3.488425360274e-01
     4         20   3.484250395208e-01
     4         21   3.484025008450e-01
     4         22   3.481890692205e-01
     4         23   3.478053650328e-01
     4         24   3.472120876378e-01
     4         25   3.463500357418e-01
     4         26   3.448087505572e-01
     4         27   3.420380814438e-01
     4         28   3.379544974691e-01
     4         29   3.356011931377e-01
     4         30   3.321141072008e-01
     4         31   3.269957651167e-01
     4         32   3.194709587690e-01
     4         33   3.089098710093e-01
     4         34   2.953905176080e-01
     4         35   2.829967798796e-01
     4         36   2.743181709401e-01
     4         37   2.717873800986e-01
     4         38   2.678987956900e-01
     4         39   2.654294347724e-01
     4         40   2.640265111922e-01
     4         41   2.619499996715e-01
     4         42   2.582242055410e-01
     4         43   2.441803096557e-01
     4         44   2.419753060501e-01
     4         45   2.380013128680e-01
     4         46   2.308579836491e-01
     4         47   2.190169918783e-01
     4         48   2.045060817381e-01
     4         49   1.917313726788e-01
     4         50   1.868383795269e-01
     4         51   1.846841543159e-01
     4         52   1.839420493598e-01
     4         53   1.832369114111e-01
     4         54   1.829260316633e-01
     4         55   1.824705908938e-01
     4         56   1.819595547511e-01
     4         57   1.815296090275e-01
     4         58   1.808760811837e-01
     4         59   1.799631781996e-01
     4         60   1.792120658623e-01
     4         61   1.786481927080e-01
     4         62   1.779305318914e-01
     4         63   1.767497444955e-01
     4         64   1.751771369067e-01
     4         65   1.743580253454e-01
     4         66   1.731603318549e-01
     4         67   1.712605236893e-01
     4         68   1.695147083045e-01
     4         69   1.685091950953e-01
     4         70   1.678155634439e-01
     4         71   1.675114724086e-01
     4         72   1.673578314058e-01
     4         73   1.671315329737e-01
     4         74   1.668249412072e-01
     4         75   1.666699545941e-01
     4         76   1.665799036980e-01
     4         77   1.665199148329e-01
     4         78   1.664766242357e-01
     4         79   1.664414266378e-01
     4         80   1.664194451269e-01
     4         81   1.664133251961e-01
     4         82   1.664122225512e-01
     4         83   1.664119882646e-01
     4         84   1.664118855344e-01
     4         85   1.664118536642e-01
     4         86   1.664118421974e-01
     4         87   1.664118374047e-01
     4         88   1.664118362431e-01
     4         89   1.664118361111e-01

     5          0   4.746729760785e-01
     5          1   2.143745289645e-01
     5          2   1.783941010252e-01
     5          3   1.708611753350e-01
     5          4   1.684313701434e-01
     5          5   1.671604807379e-01
     5          6   1.664299039021e-01
     5          7   1.658182469586e-01
     5          8   1.654583219792e-01
     5          9   1.648775847184e-01
     5         10   1.640470162033e-01
     5         11   1.626041095819e-01
     5         12   1.604796302944e-01
     5         13   1.573388205206e-01
     5         14   1.516892690929e-01
     5         15   1.414053446594e-01
     5         16   1.255315120494e-01
     5         17   1.091935171935e-01
     5         18   8.959347242968e-02
     5         19   6.524163440887e-02
     5         20   6.004112476072e-02
     5         21   5.122313587735e-02
     5         22   4.138642358103e-02
     5         23   4.060391717425e-02
     5         24   3.917000498915e-02
     5         25   3.658556653781e-02
     5         26   3.237943060713e-02
     5         27   2.845594478950e-02
     5         28   2.724376322363e-02
     5         29   2.566825620268e-02
     5         30   2.419793653854e-02
     5         31   2.285837503569e-02
     5         32   2.161976091132e-02
     5         33   2.102166031452e-02
     5         34   2.073905454982e-02
     5         35   2.056722225921e-02
     5         36   2.039045704573e-02
     5         37   2.030278899955e-02
     5         38   2.021483970873e-02
     5         39   2.017668646023e-02
     5         40   2.015273749397e-02
     5         41   2.013237227457e-02
     5         42   2.010440713437e-02
     5         43   2.006572012701e-02
     5         44   2.001460537625e-02
     5         45   1.996388134602e-02
     5         46   1.992608090504e-02
     5         47   1.990505283189e-02
     5         48   1.989501929131e-02
     5         49   1.988944827559e-02
     5         50   1.988629025255e-02
     5         51   1.988351508402e-02
     5         52   1.987917369388e-02
     5         53   1.987262872681e-02
     5         54   1.986567490957e-02
     5         55   1.986140392976e-02
     5         56   1.986012784668e-02
     5         57   1.985997306008e-02
     5         58   1.985995210421e-02
     5         59   1.985994779340e-02
     5         60   1.985994722005e-02

     6          0   9.900255025082e-01
     6          1   6.333826429387e-01
     6          2   6.317684330519e-01
     6          3   5.662212148290e-01
     6          4   4.504033769877e-01
     6          5   3.746417796067e-01
     6          6   3.567531771680e-01
     6          7   3.495298918039e-01
     6          8   3.473388199097e-01
     6          9   3.440895721277e-01
     6         10   3.403189544339e-01
     6         11   3.356599902399e-01
     6         12   3.293297643706e-01
     6         13   3.188248035699e-01
     6         14   3.028497505388e-01
     6         15   2.929822407321e-01
     6         16   2.788177667144e-01
     6         17   2.638189313097e-01
     6         18   2.585355141790e-01
     6         19   2.486114982583e-01
     6         20   2.300694215521e-01
     6         21   2.164806977919e-01
     6         22   2.033135183498e-01
     6         23   1.898896006991e-01
     6         24   1.726500573131e-01
     6         25   1.472311592884e-01
     6         26   1.304115089248e-01
     6         27   1.127691499971e-01
     6         28   9.563526379297e-02
     6         29   7.738224009319e-02
     6         30   6.500206549451e-02
     6         31   5.471555504723e-02
     6         32   4.713658851863e-02
     6         33   3.934693734144e-02
     6         34   3.326114864767e-02
     6         35   2.732466868795e-02
     6         36   2.514865392339e-02
     6         37   2.299987292908e-02
     6         38   2.067656336658e-02
     6         39   1.869604669328e-02
     6         40   1.729179992319e-02
     6         41   1.566142431317e-02
     6         42   1.469902635851e-02
     6         43   1.390796208660e-02
     6         44   1.339610623048e-02
     6         45   1.278842232056e-02
     6         46   1.234714500031e-02
     6         47   1.167412693153e-02
     6         48   1.068249690060e-02
     6         49   9.709203062176e-03
     6         50   9.321129804335e-03
     6         51   8.632985672457e-03
     6         52   7.481741193525e-03
     6         53   5.937712031049e-03
     6         54   5.324703957357e-03
     6         55   4.899597951020e-03
     6         56   4.564754666418e-03
     6         57   4.272555228962e-03
     6         58   4.085807217288e-03
     6         59   3.866850119432e-03
     6         60   3.616550822398e-03
     6         61   3.306171935448e-03
     6         62   2.878014386357e-03
     6         63   2.522815183050e-03
     6         64   2.341664199158e-03
     6         65   2.232898733239e-03
     6         66   2.100748282008e-03
     6         67   1.904856646576e-03
     6         68   1.676062894343e-03
     6         69   1.491706017358e-03
     6         70   1.298693000150e-03
     6         71   1.180221674136e-03
     6         72   1.135852232292e-03
     6         73   1.094803639398e-03
     6         74   1.055569715597e-03
     6         75   9.954479137022e-04
     6         76   9.258672193078e-04
     6         77   8.536397601033e-04
     6         78   7.819624285034e-04
     6         79   7.467869699931e-04
     6         80   7.113339207241e-04
     6         81   6.879888473819e-04
     6         82   6.580909021437e-04
     6         83   6.225311177248e-04
     6         84   6.111245680691e-04
     6         85   5.956327903067e-04
     6         86   5.830267448377e-04
     6         87   5.723819975151e-04
     6         88   5.654811236826e-04
     6         89   5.614135290044e-04
     6         90   5.591092661641e-04
     6         91   5.566292730605e-04
     6         92   5.543092968193e-04
     6         93   5.509493140727e-04
     6         94   5.462555986822e-04
     6         95   5.413629390515e-04
     6         96   5.365310510547e-04
     6         97   5.310254143102e-04
     6         98   5.231886562349e-04
     6         99   5.108708667418e-04
     6        100   4.923152210067e-04
     6        101   4.750551894468e-04
     6        102   4.679649758182e-04
     6        103   4.590654464454e-04
     6        104   4.546465997944e-04
     6        105   4.531259719408e-04
     6        106   4.520400545374e-04
     6        107   4.506734164287e-04
     6        108   4.493423077995e-04
     6        109   4.483200653743e-04
     6        110   4.477310801230e-04
     6        111   4.472943266211e-04
     6        112   4.469500354434e-04
     6        113   4.467617815442e-04
     6        114   4.466699553594e-04
     6        115   4.465978370760e-04
     6        116   4.464928885732e-04
     6        117   4.463397339631e-04
     6        118   4.461757729470e-04
     6        119   4.460412479019e-04
     6        120   4.459454970082e-04
     6        121   4.458534506112e-04
     6        122   4.457078045825e-04
     6        123   4.454686759826e-04
     6        124   4.450726426830e-04
     6        125   4.444418485409e-04
     6        126   4.435674732435e-04
     6        127   4.428900569815e-04
     6        128   4.423812825977e-04
     6        129   4.421907146672e-04
     6        130   4.421171001516e-04
     6        131   4.420813093582e-04
     6        132   4.420745785515e-04
     6        133   4.420735929886e-04
     6        134   4.420732980023e-04

     7          0   1.343613320851e-01
     7          1   4.059589916640e-02
     7          2   2.105010663366e-02
     7          3   5.392251330349e-03
     7          4   4.230983382017e-03
     7          5   3.441865296456e-03
     7          6   2.746600703277e-03
     7          7   2.406401233340e-03
     7          8   1.946250179900e-03
     7          9   1.341565860579e-03
     7         10   1.052420655942e-03
     7         11   6.972603462541e-04
     7         12   5.711072730066e-04
     7         13   5.416945031854e-04
     7         14   5.372135552341e-04
     7         15   5.296110066859e-04
     7         16   5.171713941686e-04
     7         17   4.989277823229e-04
     7         18   4.807504591346e-04
     7         19   4.785042566056e-04
     7         20   4.750915809365e-04
     7         21   4.728188938745e-04
     7         22   4.723003672553e-04
     7         23   4.714642587308e-04
     7         24   4.701360352709e-04
     7         25   4.687573330128e-04
     7         26   4.680463148279e-04
     7         27   4.668794199745e-04
     7         28   4.650565607538e-04
     7         29   4.625540947457e-04
     7         30   4.596190962510e-04
     7         31   4.561031386676e-04
     7         32   4.535099547084e-04
     7         33   4.517072367588e-04
     7         34   4.498047275441e-04
     7         35   4.471919181626e-04
     7         36   4.444124137170e-04
     7         37   4.426009579703e-04
     7         38   4.419900272468e-04
     7         39   4.419062115306e-04
     7         40   4.418713864552e-04
     7         41   4.418563087017e-04
     7         42   4.418393702750e-04
     7         43   4.418346820962e-04
     7         44   4.418282109333e-04
     7         45   4.418235128553e-04
     7         46   4.418163032692e-04
     7         47   4.418086581901e-04
     7         48   4.418045303286e-04
     7         49   4.418022182776e-04
     7         50   4.418001445871e-04
     7         51   4.417965769810e-04
     7         52   4.417902033534e-04
     7         53   4.417787179943e-04
     7         54   4.417584662341e-04
     7         55   4.417250259945e-04
     7         56   4.416796656256e-04
     7         57   4.416537527522e-04
     7         58   4.416352324716e-04
     7         59   4.416319856777e-04

     8          0   8.375407490144e-01
     8          1   6.146752390165e-01
     8          2   4.798676446837e-01
     8          3   4.462645061306e-01
     8          4   4.064474141400e-01
     8          5   3.679243394520e-01
     8          6   3.577853050899e-01
     8          7   3.537934388134e-01
     8          8   3.508061619973e-01
     8          9   3.502342973175e-01
     8         10   3.498016525144e-01
     8         11   3.495401738267e-01
     8         12   3.492562629812e-01
     8         13   3.491639368776e-01
     8         14   3.490581589618e-01
     8         15   3.490272203277e-01
     8         16   3.490107517045e-01
     8         17   3.489946670905e-01
     8         18   3.489720934242e-01
     8         19   3.489419597235e-01
     8         20   3.489106573670e-01
     8         21   3.488906654100e-01
     8         22   3.488827823799e-01
     8         23   3.488800477025e-01
     8         24   3.488784988260e-01
     8         25   3.488771837036e-01
     8         26   3.488759226781e-01
     8         27   3.488744121971e-01
     8         28   3.488724174163e-01
     8         29   3.488701500178e-01
     8         30   3.488682848648e-01
     8         31   3.488670260711e-01
     8         32   3.488660345955e-01
     8         33   3.488650799683e-01
     8         34   3.488636962380e-01
     8         35   3.488613869642e-01
     8         36   3.488574464931e-01
     8         37   3.488505033190e-01
     8         38   3.488380416642e-01
     8         39   3.488194238004e-01
     8         40   3.487928394887e-01
     8         41   3.487457463918e-01
     8         42   3.486607262539e-01
     8         43   3.485231900488e-01
     8         44   3.483879688513e-01
     8         45   3.481370416756e-01
     8         46   3.476566784152e-01
     8         47   3.453861118834e-01
     8         48   3.438062623614e-01
     8         49   3.415145618439e-01
     8         50   3.398682548314e-01
     8         51   3.369421970225e-01
     8         52   3.312812896461e-01
     8         53   3.209139416879e-01
     8         54   3.064346594093e-01
     8         55   2.927042958490e-01
     8         56   2.834414827972e-01
     8         57   2.672667182718e-01
     8         58   2.446539776061e-01
     8         59   2.234292781895e-01
     8         60   2.157661602577e-01
     8         61   2.027745058008e-01
     8         62   1.811346698406e-01
     8         63   1.662543782253e-01
     8         64   1.498117681826e-01
     8         65   1.266168031871e-01
     8         66   1.098458425146e-01
     8         67   9.691997265906e-02
     8         68   8.159279562515e-02
     8         69   7.506202459802e-02
     8         70   6.477513498514e-02
     8         71   5.160283949097e-02
     8         72   4.532865597172e-02
     8         73   3.766067744655e-02
     8         74   3.232411349131e-02
     8         75   2.720757029174e-02
     8         76   2.360782373311e-02
     8         77   2.152519022996e-02
     8         78   1.863364762714e-02
     8         79   1.534554124770e-02
     8         80   1.326620379148e-02
     8         81   1.155584447279e-02
     8         82   1.031698330863e-02
     8         83   9.243291093746e-03
     8         84   8.412201822810e-03
     8         85   7.883047119980e-03
     8         86   7.493766387299e-03
     8         87   6.925436839854e-03
     8         88   6.276488675717e-03
     8         89   5.646670320706e-03
     8         90   4.994046328364e-03
     8         91   4.173226942087e-03
     8         92   3.656089240732e-03
     8         93   3.135237354274e-03
     8         94   2.981986154290e-03
     8         95   2.772443444938e-03
     8         96   2.615727712688e-03
     8         97   2.455483520741e-03
     8         98   2.234787746577e-03
     8         99   1.911641297551e-03
     8        100   1.599547024892e-03
     8        101   1.499315131009e-03
     8        102   1.418344436991e-03
     8        103   1.370470067235e-03
     8        104   1.334582297983e-03
     8        105   1.312084165345e-03
     8        106   1.282771348927e-03
     8        107   1.239609089462e-03
     8        108   1.187601031846e-03
     8        109   1.127189193071e-03
     8        110   1.055044216014e-03
     8        111   9.919161475319e-04
     8        112   9.511207159194e-04
     8        113   9.094006212655e-04
     8        114   8.472526422429e-04
     8        115   7.657626493444e-04
     8        116   7.166637938804e-04
     8        117   6.752918980183e-04
     8        118   6.331892466863e-04
     8        119   5.986977555023e-04
     8        120   5.738480632047e-04
     8        121   5.548615186689e-04
     8        122   5.400955370470e-04
     8        123   5.296823762841e-04
     8        124   5.221768235938e-04
     8        125   5.180344600555e-04
     8        126   5.150292116594e-04
     8        127   5.118400117868e-04
     8        128   5.072564499361e-04
     8        129   5.008621843959e-04
     8        130   4.958033765052e-04
     8        131   4.915920628686e-04
     8        132   4.864822079912e-04
     8        133   4.812180633093e-04
     8        134   4.778785438623e-04
     8        135   4.766862383653e-04
     8        136   4.762027423990e-04
     8        137   4.756957602923e-04
     8        138   4.748836081402e-04
     8        139   4.735794466157e-04
     8        140   4.715853017419e-04
     8        141   4.692709859946e-04
     8        142   4.674154104853e-04
     8        143   4.660849994258e-04
     8        144   4.651821113280e-04
     8        145   4.641080318425e-04
     8        146   4.630478241566e-04
     8        147   4.622031826972e-04
     8        148   4.617277899338e-04
     8        149   4.614528831959e-04
     8        150   4.611947517077e-04
     8        151   4.608044418839e-04
     8        152   4.601654938035e-04
     8        153   4.590984060212e-04
     8        154   4.573497225099e-04
     8        155   4.546824874747e-04
     8        156   4.516210541078e-04
     8        157   4.487761361868e-04
     8        158   4.445937579470e-04
     8        159   4.389628865910e-04
     8        160   4.353035789140e-04
     8        161   4.344601042249e-04
     8        162   4.335348303175e-04
     8        163   4.332468192296e-04
     8        164   4.330752823175e-04
     8        165   4.329773019305e-04
     8        166   4.329135732235e-04
     8        167   4.328925831882e-04
     8        168   4.328851486342e-04
     8        169   4.328807900351e-04
     8        170   4.328783629581e-04
     8        171   4.328765748144e-04
     8        172   4.328743933306e-04
     8        173   4.328708884388e-04
     8        174   4.328649416209e-04
     8        175   4.328544380765e-04
     8        176   4.328355122581e-04
     8        177   4.328012478950e-04
     8        178   4.327397636738e-04
     8        179   4.326315978644e-04
     8        180   4.324485260525e-04
     8        181   4.321592283071e-04
     8        182   4.317614244675e-04
     8        183   4.313820132567e-04
     8        184   4.310758795409e-04
     8        185   4.310228141904e-04
     8        186   4.310150965208e-04
     8        187   4.310127096525e-04
     8        188   4.310104358108e-04
     8        189   4.310065530873e-04
     8        190   4.309995083546e-04
     8        191   4.309864327112e-04
     8        192   4.309621410780e-04
     8        193   4.309175683344e-04
     8        194   4.308378969009e-04
     8        195   4.307022293401e-04
     8        196   4.304918876765e-04
     8        197   4.302460415119e-04
     8        198   4.300058549914e-04
     8        199   4.297970373650e-04
     8        200   4.297405631724e-04
     8        201   4.297319061644e-04
     8        202   4.297288713133e-04
     8        203   4.297238062350e-04
     8        204   4.297147422148e-04
     8        205   4.296981331386e-04
     8        206   4.296675123845e-04
     8        207   4.296113895157e-04
     8        208   4.295098747908e-04
     8        209   4.293298661190e-04
     8        210   4.290196985776e-04
     8        211   4.285077658187e-04
     8        212   4.277373647712e-04
     8        213   4.268251966821e-04
     8        214   4.260479784745e-04
     8        215   4.251355743898e-04
     8        216   4.244200620428e-04
     8        217   4.241282456917e-04
     8        218   4.238626205471e-04
     8        219   4.237573644010e-04
     8        220   4.236727910736e-04
     8        221   4.236050607225e-04
     8        222   4.235794928671e-04
     8        223   4.235656686555e-04
     8        224   4.235623697472e-04
     8        225   4.235597682671e-04
     8        226   4.235569564264e-04
     8        227   4.235521508366e-04
     8        228   4.235435456265e-04
     8        229   4.235281170802e-04
     8        230   4.235006599825e-04
     8        231   4.234524386981e-04
     8        232   4.233687626445e-04
     8        233   4.232232764667e-04
     8        234   4.229718530709e-04
     8        235   4.225349744925e-04
     8        236   4.218789352598e-04
     8        237   4.208898783387e-04
     8        238   4.192610703769e-04
     8        239   4.167783958025e-04
     8        240   4.163782319634e-04
     8        241   4.135782835506e-04
     8        242   4.112576438599e-04
     8        243   4.111814470505e-04
     8        244   4.105179590690e-04
     8        245   4.094327053719e-04
     8        246   4.085447536096e-04
     8        247   4.081807760794e-04
     8        248   4.076799262833e-04
     8        249   4.070021218170e-04
     8        250   4.065134870223e-04
     8        251   4.057653942149e-04
     8        252   4.047049581202e-04
     8        253   4.034693555629e-04
     8        254   4.020120134891e-04
     8        255   4.011486156006e-04
     8        256   4.004495725718e-04
     8        257   3.998955301066e-04
     8        258   3.997809509875e-04
     8        259   3.995725139393e-04
     8        260   3.992043546416e-04
     8        261   3.987062977342e-04
     8        262   3.984659492181e-04
     8        263   3.982589869231e-04
     8        264   3.980451537291e-04
     8        265   3.979475971982e-04
     8        266   3.978869245573e-04
     8        267   3.977922286392e-04
     8        268   3.976539225965e-04
     8        269   3.975333406413e-04
     8        270   3.974602474400e-04
     8        271   3.974150709664e-04
     8        272   3.973978749844e-04
     8        273   3.973783315636e-04
     8        274   3.973603298987e-04
     8        275   3.973447332113e-04
     8        276   3.973287648611e-04
     8        277   3.973215063705e-04
     8        278   3.973144424143e-04
     8        279   3.973092828145e-04
     8        280   3.973075254180e-04
     8        281   3.973053949063e-04
     8        282   3.973023599574e-04
     8        283   3.972994695729e-04
     8        284   3.972967368810e-04
     8        285   3.972947964093e-04
     8        286   3.972937861146e-04
     8        287   3.972932471670e-04

     9          0   9.164239307671e-01
     9          1   7.282712767762e-01
     9          2   6.889075100241e-01
     9          3   6.251863626172e-01
     9          4   5.232948247782e-01
     9          5   3.961010623102e-01
     9          6   3.656902309976e-01
     9          7   3.582233284495e-01
     9          8   3.544767526289e-01
     9          9   3.514922222334e-01
     9         10   3.503098699078e-01
     9         11   3.498140990340e-01
     9         12   3.493962095246e-01
     9         13   3.491767080463e-01
     9         14   3.490521158139e-01
     9         15   3.488659925607e-01
     9         16   3.486712405069e-01
     9         17   3.485052991811e-01
     9         18   3.483449113262e-01
     9         19   3.481643538246e-01
     9         20   3.478835320325e-01
     9         21   3.474491737885e-01
     9         22   3.467736165301e-01
     9         23   3.456946104184e-01
     9         24   3.439034155769e-01
     9         25   3.411121030153e-01
     9         26   3.393241844408e-01
     9         27   3.363756508615e-01
     9         28   3.314841181228e-01
     9         29   3.245488416919e-01
     9         30   3.178953964671e-01
     9         31   3.066605740464e-01
     9         32   2.896328382338e-01
     9         33   2.830957786905e-01
     9         34   2.750226793847e-01
     9         35   2.677647875728e-01
     9         36   2.643464066523e-01
     9         37   2.594113462498e-01
     9         38   2.518034632938e-01
     9         39   2.398855048301e-01
     9         40   2.263103320413e-01
     9         41   2.033536141443e-01
     9         42   1.724487483940e-01
     9         43   1.563696708881e-01
     9         44   1.370488224193e-01
     9         45   1.242651073319e-01
     9         46   1.075447616746e-01
     9         47   9.164340301820e-02
     9         48   7.582549431768e-02
     9         49   6.805466241971e-02
     9         50   5.675254722489e-02
     9         51   4.885551969400e-02
     9         52   4.252023155970e-02
     9         53   3.870933379889e-02
     9         54   3.615999377504e-02
     9         55   3.329623693062e-02
     9         56   3.110122849583e-02
     9         57   2.866128089293e-02
     9         58   2.636879556835e-02
     9         59   2.458862150841e-02
     9         60   2.378744507025e-02
     9         61   2.298566467137e-02
     9         62   2.230948123812e-02
     9         63   2.147187899319e-02
     9         64   2.027855132530e-02
     9         65   1.831844292888e-02
     9         66   1.684683705727e-02
     9         67   1.443795994741e-02
     9         68   1.071637580923e-02
     9         69   8.290123897075e-03
     9         70   6.689120762047e-03
     9         71   5.814152499585e-03
     9         72   5.236657876959e-03
     9         73   4.785665906267e-03
     9         74   4.377229078597e-03
     9         75   3.845412691699e-03
     9         76   3.320873159304e-03
     9         77   3.088242304184e-03
     9         78   2.823518613859e-03
     9         79   2.424234168183e-03
     9         80   1.966287313641e-03
     9         81   1.577476645004e-03
     9         82   1.291591137849e-03
     9         83   1.024909744256e-03
     9         84   9.177188516641e-04
     9         85   8.371522927925e-04
     9         86   7.899262550604e-04
     9         87   7.688493514112e-04
     9         88   7.492952381530e-04
     9         89   7.191006055496e-04
     9         90   6.798877033808e-04
     9         91   6.404436956911e-04
     9         92   5.963654914843e-04
     9         93   5.562606068819e-04
     9         94   5.233529421861e-04
     9         95   4.909860285253e-04
     9         96   4.531500954255e-04
     9         97   4.319047824716e-04
     9         98   4.158633112070e-04
     9         99   4.065533990698e-04
     9        100   3.975934978289e-04
     9        101   3.892820831919e-04
     9        102   3.848082582181e-04
     9        103   3.788791934650e-04
     9        104   3.694890005348e-04
     9        105   3.556216352191e-04
     9        106   3.408840402251e-04
     9        107   3.299039012280e-04
     9        108   3.166510814177e-04
     9        109   3.049024543458e-04
     9        110   2.943726948647e-04
     9        111   2.822954834033e-04
     9        112   2.690499203755e-04
     9        113   2.591115505416e-04
     9        114   2.536573618096e-04
     9        115   2.471319795189e-04
     9        116   2.435677197150e-04
     9        117   2.411966931081e-04
     9        118   2.387746427683e-04
     9        119   2.349821657640e-04
     9        120   2.294071505234e-04
     9        121   2.234492782659e-04
     9        122   2.174247623743e-04
     9        123   2.125468718194e-04
     9        124   2.084575136493e-04
     9        125   2.046169932199e-04
     9        126   2.019859802823e-04
     9        127   1.998998695697e-04
     9        128   1.981266294974e-04
     9        129   1.961679558120e-04
     9        130   1.940546409657e-04
     9        131   1.911839231699e-04
     9        132   1.871678683411e-04
     9        133   1.813585478265e-04
     9        134   1.737533083971e-04
     9        135   1.690223150476e-04
     9        136   1.620974044171e-04
     9        137   1.546119750307e-04
     9        138   1.507496646863e-04
     9        139   1.491738324461e-04
     9        140   1.470691210773e-04
     9        141   1.454382085480e-04
     9        142   1.440529245909e-04
     9        143   1.429718168839e-04
     9        144   1.418264864664e-04
     9        145   1.408114586503e-04
     9        146   1.401329659211e-04
     9        147   1.390406192638e-04
     9        148   1.376058153585e-04
     9        149   1.352309416524e-04
     9        150   1.311934722665e-04
     9        151   1.249306904867e-04
     9        152   1.193251762797e-04
     9        153   1.149113023879e-04
     9        154   1.100103874967e-04
     9        155   1.038329441577e-04
     9        156   9.892799123079e-05
     9        157   9.402321764673e-05
     9        158   8.584753820429e-05
     9        159   7.416873743804e-05
     9        160   6.897339115763e-05
     9        161   6.398682587583e-05
     9        162   6.235748207317e-05
     9        163   5.987413620379e-05
     9        164   5.781096995794e-05
     9        165   5.651863024414e-05
     9        166   5.575005896785e-05
     9        167   5.480331541052e-05
     9        168   5.396147773729e-05
     9        169   5.342557420984e-05
     9        170   5.320955329846e-05
     9        171   5.308720986308e-05
     9        172   5.289138910736e-05
     9        173   5.257287206573e-05
     9        174   5.206706585315e-05
     9        175   5.132038857736e-05
     9        176   5.046201172487e-05
     9        177   4.948277476136e-05
     9        178   4.890215810249e-05
     9        179   4.869614722636e-05
     9        180   4.851126653838e-05
     9        181   4.820926679416e-05
     9        182   4.766253609545e-05
     9        183   4.666190550207e-05
     9        184   4.487262467390e-05
     9        185   4.195893362924e-05
     9        186   3.880743678353e-05
     9        187   3.704551240358e-05
     9        188   3.551262006485e-05
     9        189   3.444202321279e-05
     9        190   3.395049958888e-05
     9        191   3.350986575756e-05
     9        192   3.311278025275e-05
     9        193   3.295074005505e-05
     9        194   3.282737496790e-05
     9        195   3.274793148345e-05
     9        196   3.269364897607e-05
     9        197   3.264133169556e-05
     9        198   3.260341484579e-05
     9        199   3.258318900778e-05
     9        200   3.256636331339e-05
     9        201   3.255196473151e-05
     9        202   3.254191900470e-05
     9        203   3.253098212863e-05
     9        204   3.251511413227e-05
     9        205   3.248866179628e-05
     9        206   3.244310442707e-05
     9        207   3.236306958099e-05
     9        208   3.222170029238e-05
     9        209   3.197395418486e-05
     9        210   3.155035583380e-05
     9        211   3.087443315142e-05
     9        212   2.994073056639e-05
     9        213   2.894255375763e-05
     9        214   2.843730288249e-05
     9        215   2.761326456868e-05
     9        216   2.655734820933e-05
     9        217   2.606425399776e-05
     9        218   2.598326806380e-05
     9        219   2.584606855949e-05
     9        220   2.563863760030e-05
     9        221   2.543776626363e-05
     9        222   2.528944840952e-05
     9        223   2.506815471148e-05
     9        224   2.476539495833e-05
     9        225   2.459423854273e-05
     9        226   2.455216127917e-05
     9        227   2.452059906743e-05
     9        228   2.448800431343e-05
     9        229   2.446500289555e-05
     9        230   2.443866496205e-05
     9        231   2.440536640536e-05
     9        232   2.437765958019e-05
     9        233   2.434927674000e-05
     9        234   2.433403540369e-05
     9        235   2.432030830546e-05
     9        236   2.430064332815e-05
     9        237   2.426747898143e-05
     9        238   2.421293790067e-05
     9        239   2.412528371054e-05
     9        240   2.398211725407e-05
     9        241   2.374447535047e-05
     9        242   2.338022285997e-05
     9        243   2.294721819485e-05
     9        244   2.280211037775e-05
     9        245   2.255065867818e-05
     9        246   2.213732594303e-05
     9        247   2.144533303683e-05
     9        248   2.065315172162e-05
     9        249   1.969091735843e-05
     9        250   1.913263493880e-05
     9        251   1.870742254784e-05
     9        252   1.798651122098e-05
     9        253   1.713814899929e-05
     9        254   1.676937990169e-05
     9        255   1.666750205576e-05
     9        256   1.653183600769e-05
     9        257   1.646700743874e-05
     9        258   1.638587427299e-05
     9        259   1.630297676480e-05
     9        260   1.618704724438e-05
     9        261   1.614246430681e-05
     9        262   1.606433892731e-05
     9        263   1.595213214312e-05
     9        264   1.586589780034e-05
     9        265   1.578915494749e-05
     9        266   1.568425281595e-05
     9        267   1.554395233827e-05
     9        268   1.538193343609e-05
     9        269   1.532581098118e-05
     9        270   1.525387706414e-05
     9        271   1.521593912657e-05
     9        272   1.518381447374e-05
     9        273   1.514608052533e-05
     9        274   1.509695683355e-05
     9        275   1.504182847367e-05
     9        276   1.498372449926e-05
     9        277   1.494589355044e-05
     9        278   1.493067994174e-05
     9        279   1.490825590678e-05
     9        280   1.487658877497e-05
     9        281   1.482476556591e-05
     9        282   1.473484032077e-05
     9        283   1.457664122373e-05
     9        284   1.441914953160e-05
     9        285   1.421741069674e-05
     9        286   1.405162568147e-05
     9        287   1.398830895072e-05
     9        288   1.393593355714e-05
     9        289   1.390797067802e-05
     9        290   1.385914415442e-05
     9        291   1.377484819942e-05
     9        292   1.364456708164e-05
     9        293   1.349654635208e-05
     9        294   1.336992641232e-05
     9        295   1.326220194653e-05
     9        296   1.323748726934e-05
     9        297   1.319647806952e-05
     9        298   1.315743105013e-05
     9        299   1.314023396248e-05
     9        300   1.312572957490e-05
     9        301   1.311663589076e-05
     9        302   1.310764002060e-05
     9        303   1.310113926356e-05
     9        304   1.309393717230e-05
     9        305   1.308235950925e-05
     9        306   1.306489785491e-05
     9        307   1.304777432865e-05
     9        308   1.303488895354e-05
     9        309   1.301926542197e-05
     9        310   1.299552832223e-05
     9        311   1.296823925689e-05
     9        312   1.295090794573e-05
     9        313   1.293675342562e-05
     9        314   1.292493041405e-05
     9        315   1.291035712470e-05
     9        316   1.289296626705e-05
     9        317   1.288337198391e-05
     9        318   1.287980090381e-05
     9        319   1.287732978583e-05
     9        320   1.287468885180e-05
     9        321   1.287014746199e-05
     9        322   1.286222868513e-05
     9        323   1.284849678229e-05
     9        324   1.282479490239e-05
     9        325   1.278426855489e-05
     9        326   1.271658845436e-05
     9        327   1.261048318779e-05
     9        328   1.247225912693e-05
     9        329   1.232257046613e-05
     9        330   1.217607374682e-05
     9        331   1.211948133861e-05
     9        332   1.210444306343e-05
     9        333   1.209705642324e-05
     9        334   1.209296457916e-05
     9        335   1.208729277080e-05
     9        336   1.208253534946e-05
     9        337   1.208018463383e-05
     9        338   1.207848833307e-05
     9        339   1.207788759172e-05
     9        340   1.207744043785e-05
     9        341   1.207677422232e-05
     9        342   1.207621516797e-05
     9        343   1.207577378148e-05
     9        344   1.207550767390e-05
     9        345   1.207536255354e-05
     9        346   1.207524683655e-05

