# iteration    cost = 1 - F_e
# Nlayers = 7, r_target = 0.3, cutoffA = 10, cutoffB = 2
       0   1.343613320851e-01
       1   4.059589916640e-02
       2   2.105010663366e-02
       3   5.392251330349e-03
       4   4.230983382017e-03
       5   3.441865296456e-03
       6   2.746600703277e-03
       7   2.406401233340e-03
       8   1.946250179900e-03
       9   1.341565860579e-03
      10   1.052420655942e-03
      11   6.972603462541e-04
      12   5.711072730066e-04
      13   5.416945031854e-04
      14   5.372135552341e-04
      15   5.296110066859e-04
      16   5.171713941686e-04
      17   4.989277823229e-04
      18   4.807504591346e-04
      19   4.785042566056e-04
      20   4.750915809365e-04
      21   4.728188938745e-04
      22   4.723003672553e-04
      23   4.714642587308e-04
      24   4.701360352709e-04
      25   4.687573330128e-04
      26   4.680463148279e-04
      27   4.668794199745e-04
      28   4.650565607538e-04
      29   4.625540947457e-04
      30   4.596190962510e-04
      31   4.561031386676e-04
      32   4.535099547084e-04
      33   4.517072367588e-04
      34   4.498047275441e-04
      35   4.471919181626e-04
      36   4.444124137170e-04
      37   4.426009579703e-04
      38   4.419900272468e-04
      39   4.419062115306e-04
      40   4.418713864552e-04
      41   4.418563087017e-04
      42   4.418393702750e-04
      43   4.418346820962e-04
      44   4.418282109333e-04
      45   4.418235128553e-04
      46   4.418163032692e-04
      47   4.418086581901e-04
      48   4.418045303286e-04
      49   4.418022182776e-04
      50   4.418001445871e-04
      51   4.417965769810e-04
      52   4.417902033534e-04
      53   4.417787179943e-04
      54   4.417584662341e-04
      55   4.417250259945e-04
      56   4.416796656256e-04
      57   4.416537527522e-04
      58   4.416352324716e-04
      59   4.416319856777e-04
