# iteration    cost = 1 - F_e
# Nlayers = 5, r_target = 0.3, cutoffA = 10, cutoffB = 2
       0   4.746729760785e-01
       1   2.143745289645e-01
       2   1.783941010252e-01
       3   1.708611753350e-01
       4   1.684313701434e-01
       5   1.671604807379e-01
       6   1.664299039021e-01
       7   1.658182469586e-01
       8   1.654583219792e-01
       9   1.648775847184e-01
      10   1.640470162033e-01
      11   1.626041095819e-01
      12   1.604796302944e-01
      13   1.573388205206e-01
      14   1.516892690929e-01
      15   1.414053446594e-01
      16   1.255315120494e-01
      17   1.091935171935e-01
      18   8.959347242968e-02
      19   6.524163440887e-02
      20   6.004112476072e-02
      21   5.122313587735e-02
      22   4.138642358103e-02
      23   4.060391717425e-02
      24   3.917000498915e-02
      25   3.658556653781e-02
      26   3.237943060713e-02
      27   2.845594478950e-02
      28   2.724376322363e-02
      29   2.566825620268e-02
      30   2.419793653854e-02
      31   2.285837503569e-02
      32   2.161976091132e-02
      33   2.102166031452e-02
      34   2.073905454982e-02
      35   2.056722225921e-02
      36   2.039045704573e-02
      37   2.030278899955e-02
      38   2.021483970873e-02
      39   2.017668646023e-02
      40   2.015273749397e-02
      41   2.013237227457e-02
      42   2.010440713437e-02
      43   2.006572012701e-02
      44   2.001460537625e-02
      45   1.996388134602e-02
      46   1.992608090504e-02
      47   1.990505283189e-02
      48   1.989501929131e-02
      49   1.988944827559e-02
      50   1.988629025255e-02
      51   1.988351508402e-02
      52   1.987917369388e-02
      53   1.987262872681e-02
      54   1.986567490957e-02
      55   1.986140392976e-02
      56   1.986012784668e-02
      57   1.985997306008e-02
      58   1.985995210421e-02
      59   1.985994779340e-02
      60   1.985994722005e-02
