# iteration    cost = 1 - F_e
# Nlayers = 5, theta_target = 0.19635, cutoffA = 10, cutoffB = 2
       0   4.708593916747e-01
       1   2.177388651384e-01
       2   1.884610912844e-01
       3   1.835299278392e-01
       4   1.750370988851e-01
       5   1.652800967284e-01
       6   1.641865754861e-01
       7   1.633651244009e-01
       8   1.630025186968e-01
       9   1.629145132165e-01
      10   1.627840024816e-01
      11   1.626175281769e-01
      12   1.624964840562e-01
      13   1.624361887136e-01
      14   1.623788439353e-01
      15   1.622749924566e-01
      16   1.620810308709e-01
      17   1.617427376993e-01
      18   1.614617651342e-01
      19   1.610144192998e-01
      20   1.581019378907e-01
      21   1.571506715546e-01
      22   1.560910851080e-01
      23   1.542893484804e-01
      24   1.508313755760e-01
      25   1.451747409545e-01
      26   1.423762980078e-01
      27   1.375724816312e-01
      28   1.299864772519e-01
      29   1.250582167234e-01
      30   1.226471323617e-01
      31   1.196163257668e-01
      32   1.156069163085e-01
      33   1.126742001224e-01
      34   1.103305153979e-01
      35   1.075719817117e-01
      36   1.038018574633e-01
      37   1.016328444803e-01
      38   9.855618926925e-02
      39   9.455844251992e-02
      40   9.265188893651e-02
      41   8.984328459888e-02
      42   8.823703473251e-02
      43   8.622951641380e-02
      44   8.515006920458e-02
      45   8.440010288436e-02
      46   8.413526008543e-02
      47   8.372960697471e-02
      48   8.341787987587e-02
      49   8.331541457625e-02
      50   8.315739762737e-02
      51   8.299624891153e-02
      52   8.279305123079e-02
      53   8.260844373270e-02
      54   8.251054735916e-02
      55   8.249828110847e-02
      56   8.247903392467e-02
      57   8.245668736350e-02
      58   8.244019682227e-02
      59   8.241365365668e-02
      60   8.237964087614e-02
      61   8.236591464463e-02
      62   8.235354121730e-02
      63   8.234702811402e-02
      64   8.234269706122e-02
      65   8.234027347024e-02
      66   8.233869978414e-02
      67   8.233786953574e-02
      68   8.233747151753e-02
      69   8.233723058919e-02
      70   8.233699593058e-02
      71   8.233670145455e-02
      72   8.233628613106e-02
      73   8.233573275205e-02
      74   8.233514594224e-02
      75   8.233472129608e-02
      76   8.233450631901e-02
      77   8.233439629627e-02
      78   8.233429985603e-02
      79   8.233417661200e-02
      80   8.233398805581e-02
      81   8.233368500724e-02
      82   8.233319935561e-02
      83   8.233248745347e-02
      84   8.233192857418e-02
      85   8.233169858255e-02
      86   8.233165016594e-02
      87   8.233164162596e-02
      88   8.233164024899e-02
      89   8.233164006264e-02
