# iteration    cost = 1 - F_e
# Nlayers = 3, theta_target = 0.19635, cutoffA = 10, cutoffB = 2
       0   8.983706927616e-01
       1   2.007245205181e-01
       2   1.763202251457e-01
       3   1.687955720512e-01
       4   1.682144557722e-01
       5   1.671908739149e-01
       6   1.654794381826e-01
       7   1.636232690341e-01
       8   1.632811858309e-01
       9   1.630108354055e-01
      10   1.629697842273e-01
      11   1.629156953744e-01
      12   1.628497564230e-01
      13   1.628015433804e-01
      14   1.627847094278e-01
      15   1.627794394078e-01
      16   1.627759500007e-01
      17   1.627722487036e-01
      18   1.627692657891e-01
      19   1.627681635214e-01
      20   1.627679684753e-01
      21   1.627679075971e-01
      22   1.627678129089e-01
      23   1.627676930490e-01
      24   1.627676239675e-01
      25   1.627676045315e-01
      26   1.627676027592e-01
