# nlayer   iteration    cost = 1 - F_e
# theta_target = 0.19635, cutoffA = 10, cutoffB = 2
     1          0   1.760911445798e-01
     1          1   1.688582984505e-01
     1          2   1.644386765496e-01
     1          3   1.627681326915e-01
     1          4   1.627676585710e-01
     1          5   1.627676027864e-01
     1          6   1.627676026380e-01

     2          0   5.612303044530e-01
     2          1   2.023445644886e-01
     2          2   1.684366393976e-01
     2          3   1.643593371366e-01
     2          4   1.641737662622e-01
     2          5   1.638588357501e-01
     2          6   1.633625644516e-01
     2          7   1.629011518636e-01
     2          8   1.627824569624e-01
     2          9   1.627678650144e-01
     2         10   1.627676169798e-01
     2         11   1.627676035501e-01
     2         12   1.627676026429e-01

     3          0   8.983706927616e-01
     3          1   2.007245205181e-01
     3          2   1.763202251457e-01
     3          3   1.687955720512e-01
     3          4   1.682144557722e-01
     3          5   1.671908739149e-01
     3          6   1.654794381826e-01
     3          7   1.636232690341e-01
     3          8   1.632811858309e-01
     3          9   1.630108354055e-01
     3         10   1.629697842273e-01
     3         11   1.629156953744e-01
     3         12   1.628497564230e-01
     3         13   1.628015433804e-01
     3         14   1.627847094278e-01
     3         15   1.627794394078e-01
     3         16   1.627759500007e-01
     3         17   1.627722487036e-01
     3         18   1.627692657891e-01
     3         19   1.627681635214e-01
     3         20   1.627679684753e-01
     3         21   1.627679075971e-01
     3         22   1.627678129089e-01
     3         23   1.627676930490e-01
     3         24   1.627676239675e-01
     3         25   1.627676045315e-01
     3         26   1.627676027592e-01

     4          0   4.300333021640e-01
     4          1   1.799056564418e-01
     4          2   1.703758756981e-01
     4          3   1.683359808576e-01
     4          4   1.651699849600e-01
     4          5   1.635908058220e-01
     4          6   1.634454923727e-01
     4          7   1.632110401052e-01
     4          8   1.629612106334e-01
     4          9   1.628822450486e-01
     4         10   1.628436861337e-01
     4         11   1.628309400225e-01
     4         12   1.628137874896e-01
     4         13   1.627989925171e-01
     4         14   1.627911770758e-01
     4         15   1.627894754440e-01
     4         16   1.627887578710e-01
     4         17   1.627874990518e-01
     4         18   1.627853417931e-01
     4         19   1.627820857788e-01
     4         20   1.627797241858e-01
     4         21   1.627785726937e-01
     4         22   1.627771334975e-01
     4         23   1.627757867011e-01
     4         24   1.627737970760e-01
     4         25   1.627719203299e-01
     4         26   1.627709034522e-01
     4         27   1.627705914278e-01
     4         28   1.627704362535e-01
     4         29   1.627701954879e-01
     4         30   1.627698497493e-01
     4         31   1.627695266746e-01
     4         32   1.627693184950e-01
     4         33   1.627691550659e-01
     4         34   1.627689094580e-01
     4         35   1.627685289212e-01
     4         36   1.627680737156e-01
     4         37   1.627678510134e-01
     4         38   1.627678054726e-01
     4         39   1.627678006686e-01
     4         40   1.627677978172e-01
     4         41   1.627677927616e-01
     4         42   1.627677835556e-01
     4         43   1.627677669128e-01
     4         44   1.627677380011e-01
     4         45   1.627676928318e-01
     4         46   1.627676477675e-01
     4         47   1.627676205495e-01
     4         48   1.627676044233e-01
     4         49   1.627676027172e-01

     5          0   4.708593916747e-01
     5          1   2.177388651384e-01
     5          2   1.884610912844e-01
     5          3   1.835299278392e-01
     5          4   1.750370988851e-01
     5          5   1.652800967284e-01
     5          6   1.641865754861e-01
     5          7   1.633651244009e-01
     5          8   1.630025186968e-01
     5          9   1.629145132165e-01
     5         10   1.627840024816e-01
     5         11   1.626175281769e-01
     5         12   1.624964840562e-01
     5         13   1.624361887136e-01
     5         14   1.623788439353e-01
     5         15   1.622749924566e-01
     5         16   1.620810308709e-01
     5         17   1.617427376993e-01
     5         18   1.614617651342e-01
     5         19   1.610144192998e-01
     5         20   1.581019378907e-01
     5         21   1.571506715546e-01
     5         22   1.560910851080e-01
     5         23   1.542893484804e-01
     5         24   1.508313755760e-01
     5         25   1.451747409545e-01
     5         26   1.423762980078e-01
     5         27   1.375724816312e-01
     5         28   1.299864772519e-01
     5         29   1.250582167234e-01
     5         30   1.226471323617e-01
     5         31   1.196163257668e-01
     5         32   1.156069163085e-01
     5         33   1.126742001224e-01
     5         34   1.103305153979e-01
     5         35   1.075719817117e-01
     5         36   1.038018574633e-01
     5         37   1.016328444803e-01
     5         38   9.855618926925e-02
     5         39   9.455844251992e-02
     5         40   9.265188893651e-02
     5         41   8.984328459888e-02
     5         42   8.823703473251e-02
     5         43   8.622951641380e-02
     5         44   8.515006920458e-02
     5         45   8.440010288436e-02
     5         46   8.413526008543e-02
     5         47   8.372960697471e-02
     5         48   8.341787987587e-02
     5         49   8.331541457625e-02
     5         50   8.315739762737e-02
     5         51   8.299624891153e-02
     5         52   8.279305123079e-02
     5         53   8.260844373270e-02
     5         54   8.251054735916e-02
     5         55   8.249828110847e-02
     5         56   8.247903392467e-02
     5         57   8.245668736350e-02
     5         58   8.244019682227e-02
     5         59   8.241365365668e-02
     5         60   8.237964087614e-02
     5         61   8.236591464463e-02
     5         62   8.235354121730e-02
     5         63   8.234702811402e-02
     5         64   8.234269706122e-02
     5         65   8.234027347024e-02
     5         66   8.233869978414e-02
     5         67   8.233786953574e-02
     5         68   8.233747151753e-02
     5         69   8.233723058919e-02
     5         70   8.233699593058e-02
     5         71   8.233670145455e-02
     5         72   8.233628613106e-02
     5         73   8.233573275205e-02
     5         74   8.233514594224e-02
     5         75   8.233472129608e-02
     5         76   8.233450631901e-02
     5         77   8.233439629627e-02
     5         78   8.233429985603e-02
     5         79   8.233417661200e-02
     5         80   8.233398805581e-02
     5         81   8.233368500724e-02
     5         82   8.233319935561e-02
     5         83   8.233248745347e-02
     5         84   8.233192857418e-02
     5         85   8.233169858255e-02
     5         86   8.233165016594e-02
     5         87   8.233164162596e-02
     5         88   8.233164024899e-02
     5         89   8.233164006264e-02

     6          0   9.860860466239e-01
     6          1   5.937330389089e-01
     6          2   5.918582709166e-01
     6          3   5.172799932030e-01
     6          4   3.789841448380e-01
     6          5   1.979939639321e-01
     6          6   1.829742285056e-01
     6          7   1.650651835903e-01
     6          8   1.630038287683e-01
     6          9   1.616524662644e-01
     6         10   1.607738129581e-01
     6         11   1.595655621466e-01
     6         12   1.581833783167e-01
     6         13   1.557501530117e-01
     6         14   1.514565885781e-01
     6         15   1.467415859211e-01
     6         16   1.390050192944e-01
     6         17   1.276480107894e-01
     6         18   1.184227759282e-01
     6         19   1.092860695911e-01
     6         20   1.006472939717e-01
     6         21   9.310800771896e-02
     6         22   8.997507690640e-02
     6         23   8.852172495828e-02
     6         24   8.633337768489e-02
     6         25   8.451921049345e-02
     6         26   8.380968120547e-02
     6         27   8.295622906996e-02
     6         28   8.246943537057e-02
     6         29   8.201675322409e-02
     6         30   8.160964273694e-02
     6         31   8.109413404988e-02
     6         32   8.020973910996e-02
     6         33   7.887491494685e-02
     6         34   7.784064463706e-02
     6         35   7.602751210688e-02
     6         36   7.278992328786e-02
     6         37   6.799987859911e-02
     6         38   6.415179192450e-02
     6         39   5.826109274027e-02
     6         40   5.135403182913e-02
     6         41   4.098362210721e-02
     6         42   3.017731727412e-02
     6         43   2.760274363414e-02
     6         44   2.305249538917e-02
     6         45   1.594010266059e-02
     6         46   1.275396937265e-02
     6         47   1.014812229709e-02
     6         48   9.466169733614e-03
     6         49   8.461134680103e-03
     6         50   7.315445938224e-03
     6         51   6.599270243873e-03
     6         52   5.931187517390e-03
     6         53   5.540032392130e-03
     6         54   5.211517348530e-03
     6         55   4.905277829715e-03
     6         56   4.725135530850e-03
     6         57   4.626220817268e-03
     6         58   4.527753581410e-03
     6         59   4.371948693057e-03
     6         60   4.168777711722e-03
     6         61   4.013687688897e-03
     6         62   3.857697233029e-03
     6         63   3.751905416545e-03
     6         64   3.667297077974e-03
     6         65   3.556609914062e-03
     6         66   3.377737543062e-03
     6         67   3.125701938721e-03
     6         68   2.952191203487e-03
     6         69   2.864099622351e-03
     6         70   2.813810231230e-03
     6         71   2.780507962292e-03
     6         72   2.724675044981e-03
     6         73   2.639363750160e-03
     6         74   2.554910176827e-03
     6         75   2.491503443146e-03
     6         76   2.405311072768e-03
     6         77   2.333245196774e-03
     6         78   2.257289555003e-03
     6         79   2.176464471290e-03
     6         80   2.119356400478e-03
     6         81   2.082592286929e-03
     6         82   2.046089446451e-03
     6         83   1.999611929532e-03
     6         84   1.939773882257e-03
     6         85   1.885897873667e-03
     6         86   1.803734455659e-03
     6         87   1.689533534958e-03
     6         88   1.565441051035e-03
     6         89   1.475237994815e-03
     6         90   1.376371411123e-03
     6         91   1.283706003113e-03
     6         92   1.143975190225e-03
     6         93   1.003860786331e-03
     6         94   9.263059251977e-04
     6         95   8.521130404162e-04
     6         96   7.970285345705e-04
     6         97   7.564041304934e-04
     6         98   7.320348679807e-04
     6         99   7.107837369881e-04
     6        100   7.006679431097e-04
     6        101   6.946093647389e-04
     6        102   6.862130491231e-04
     6        103   6.732831825539e-04
     6        104   6.529004583301e-04
     6        105   6.222536585296e-04
     6        106   5.909947140331e-04
     6        107   5.750077557198e-04
     6        108   5.541698643438e-04
     6        109   5.377717583230e-04
     6        110   5.150195266984e-04
     6        111   4.933574197081e-04
     6        112   4.696889380034e-04
     6        113   4.529899092910e-04
     6        114   4.292424630211e-04
     6        115   4.071413648262e-04
     6        116   3.902811522771e-04
     6        117   3.810039569518e-04
     6        118   3.771738379623e-04
     6        119   3.712208177675e-04
     6        120   3.644932106258e-04
     6        121   3.603523496519e-04
     6        122   3.537536776301e-04
     6        123   3.440233834485e-04
     6        124   3.351022813293e-04
     6        125   3.284958378306e-04
     6        126   3.199824125112e-04
     6        127   3.122895096578e-04
     6        128   3.054858939799e-04
     6        129   2.973306979885e-04
     6        130   2.927610829715e-04
     6        131   2.870035297846e-04
     6        132   2.775523119806e-04
     6        133   2.612080788463e-04
     6        134   2.348652830068e-04
     6        135   2.081492802160e-04
     6        136   1.880183680306e-04
     6        137   1.594737299504e-04
     6        138   1.416103978156e-04
     6        139   1.156025517828e-04
     6        140   8.889105300991e-05
     6        141   8.412357278598e-05
     6        142   7.627125121945e-05
     6        143   6.933422414757e-05
     6        144   6.582732246929e-05
     6        145   6.334742063974e-05
     6        146   5.978809511054e-05
     6        147   5.733676427977e-05
     6        148   5.556074344892e-05
     6        149   5.332687996573e-05
     6        150   5.168045416526e-05
     6        151   5.037027282484e-05
     6        152   4.890916626354e-05
     6        153   4.682223919528e-05
     6        154   4.556140476442e-05
     6        155   4.502339726853e-05
     6        156   4.451133620786e-05
     6        157   4.375881780672e-05
     6        158   4.293269976341e-05
     6        159   4.240517658016e-05
     6        160   4.190178786667e-05
     6        161   4.134509488496e-05
     6        162   4.057960761772e-05
     6        163   3.990767597828e-05
     6        164   3.933581184012e-05
     6        165   3.879162798304e-05
     6        166   3.819701701002e-05
     6        167   3.773737794677e-05
     6        168   3.747645892616e-05
     6        169   3.726333938547e-05
     6        170   3.698815392961e-05
     6        171   3.666111517364e-05
     6        172   3.643880789039e-05
     6        173   3.636275939611e-05
     6        174   3.634954568765e-05
     6        175   3.634621752102e-05
     6        176   3.634542873587e-05
     6        177   3.634462388158e-05
     6        178   3.634369156924e-05
     6        179   3.634202205849e-05
     6        180   3.633902479416e-05
     6        181   3.633362994282e-05
     6        182   3.632402734799e-05
     6        183   3.630734623894e-05
     6        184   3.627901798353e-05
     6        185   3.623153602206e-05
     6        186   3.615278602465e-05
     6        187   3.602758162291e-05
     6        188   3.585695762975e-05
     6        189   3.564318307070e-05
     6        190   3.551220260134e-05
     6        191   3.549169839390e-05
     6        192   3.547793789782e-05
     6        193   3.546799030618e-05
     6        194   3.546082484063e-05
     6        195   3.545779549852e-05
     6        196   3.545390651649e-05
     6        197   3.545258459747e-05

