# iteration    cost = 1 - F_e
# Nlayers = 4, theta_target = 0.19635, cutoffA = 10, cutoffB = 2
       0   4.300333021640e-01
       1   1.799056564418e-01
       2   1.703758756981e-01
       3   1.683359808576e-01
       4   1.651699849600e-01
       5   1.635908058220e-01
       6   1.634454923727e-01
       7   1.632110401052e-01
       8   1.629612106334e-01
       9   1.628822450486e-01
      10   1.628436861337e-01
      11   1.628309400225e-01
      12   1.628137874896e-01
      13   1.627989925171e-01
      14   1.627911770758e-01
      15   1.627894754440e-01
      16   1.627887578710e-01
      17   1.627874990518e-01
      18   1.627853417931e-01
      19   1.627820857788e-01
      20   1.627797241858e-01
      21   1.627785726937e-01
      22   1.627771334975e-01
      23   1.627757867011e-01
      24   1.627737970760e-01
      25   1.627719203299e-01
      26   1.627709034522e-01
      27   1.627705914278e-01
      28   1.627704362535e-01
      29   1.627701954879e-01
      30   1.627698497493e-01
      31   1.627695266746e-01
      32   1.627693184950e-01
      33   1.627691550659e-01
      34   1.627689094580e-01
      35   1.627685289212e-01
      36   1.627680737156e-01
      37   1.627678510134e-01
      38   1.627678054726e-01
      39   1.627678006686e-01
      40   1.627677978172e-01
      41   1.627677927616e-01
      42   1.627677835556e-01
      43   1.627677669128e-01
      44   1.627677380011e-01
      45   1.627676928318e-01
      46   1.627676477675e-01
      47   1.627676205495e-01
      48   1.627676044233e-01
      49   1.627676027172e-01
