# iteration    cost = 1 - F_e
# Nlayers = 6, theta_target = 0.19635, cutoffA = 10, cutoffB = 2
       0   9.860860466239e-01
       1   5.937330389089e-01
       2   5.918582709166e-01
       3   5.172799932030e-01
       4   3.789841448380e-01
       5   1.979939639321e-01
       6   1.829742285056e-01
       7   1.650651835903e-01
       8   1.630038287683e-01
       9   1.616524662644e-01
      10   1.607738129581e-01
      11   1.595655621466e-01
      12   1.581833783167e-01
      13   1.557501530117e-01
      14   1.514565885781e-01
      15   1.467415859211e-01
      16   1.390050192944e-01
      17   1.276480107894e-01
      18   1.184227759282e-01
      19   1.092860695911e-01
      20   1.006472939717e-01
      21   9.310800771896e-02
      22   8.997507690640e-02
      23   8.852172495828e-02
      24   8.633337768489e-02
      25   8.451921049345e-02
      26   8.380968120547e-02
      27   8.295622906996e-02
      28   8.246943537057e-02
      29   8.201675322409e-02
      30   8.160964273694e-02
      31   8.109413404988e-02
      32   8.020973910996e-02
      33   7.887491494685e-02
      34   7.784064463706e-02
      35   7.602751210688e-02
      36   7.278992328786e-02
      37   6.799987859911e-02
      38   6.415179192450e-02
      39   5.826109274027e-02
      40   5.135403182913e-02
      41   4.098362210721e-02
      42   3.017731727412e-02
      43   2.760274363414e-02
      44   2.305249538917e-02
      45   1.594010266059e-02
      46   1.275396937265e-02
      47   1.014812229709e-02
      48   9.466169733614e-03
      49   8.461134680103e-03
      50   7.315445938224e-03
      51   6.599270243873e-03
      52   5.931187517390e-03
      53   5.540032392130e-03
      54   5.211517348530e-03
      55   4.905277829715e-03
      56   4.725135530850e-03
      57   4.626220817268e-03
      58   4.527753581410e-03
      59   4.371948693057e-03
      60   4.168777711722e-03
      61   4.013687688897e-03
      62   3.857697233029e-03
      63   3.751905416545e-03
      64   3.667297077974e-03
      65   3.556609914062e-03
      66   3.377737543062e-03
      67   3.125701938721e-03
      68   2.952191203487e-03
      69   2.864099622351e-03
      70   2.813810231230e-03
      71   2.780507962292e-03
      72   2.724675044981e-03
      73   2.639363750160e-03
      74   2.554910176827e-03
      75   2.491503443146e-03
      76   2.405311072768e-03
      77   2.333245196774e-03
      78   2.257289555003e-03
      79   2.176464471290e-03
      80   2.119356400478e-03
      81   2.082592286929e-03
      82   2.046089446451e-03
      83   1.999611929532e-03
      84   1.939773882257e-03
      85   1.885897873667e-03
      86   1.803734455659e-03
      87   1.689533534958e-03
      88   1.565441051035e-03
      89   1.475237994815e-03
      90   1.376371411123e-03
      91   1.283706003113e-03
      92   1.143975190225e-03
      93   1.003860786331e-03
      94   9.263059251977e-04
      95   8.521130404162e-04
      96   7.970285345705e-04
      97   7.564041304934e-04
      98   7.320348679807e-04
      99   7.107837369881e-04
     100   7.006679431097e-04
     101   6.946093647389e-04
     102   6.862130491231e-04
     103   6.732831825539e-04
     104   6.529004583301e-04
     105   6.222536585296e-04
     106   5.909947140331e-04
     107   5.750077557198e-04
     108   5.541698643438e-04
     109   5.377717583230e-04
     110   5.150195266984e-04
     111   4.933574197081e-04
     112   4.696889380034e-04
     113   4.529899092910e-04
     114   4.292424630211e-04
     115   4.071413648262e-04
     116   3.902811522771e-04
     117   3.810039569518e-04
     118   3.771738379623e-04
     119   3.712208177675e-04
     120   3.644932106258e-04
     121   3.603523496519e-04
     122   3.537536776301e-04
     123   3.440233834485e-04
     124   3.351022813293e-04
     125   3.284958378306e-04
     126   3.199824125112e-04
     127   3.122895096578e-04
     128   3.054858939799e-04
     129   2.973306979885e-04
     130   2.927610829715e-04
     131   2.870035297846e-04
     132   2.775523119806e-04
     133   2.612080788463e-04
     134   2.348652830068e-04
     135   2.081492802160e-04
     136   1.880183680306e-04
     137   1.594737299504e-04
     138   1.416103978156e-04
     139   1.156025517828e-04
     140   8.889105300991e-05
     141   8.412357278598e-05
     142   7.627125121945e-05
     143   6.933422414757e-05
     144   6.582732246929e-05
     145   6.334742063974e-05
     146   5.978809511054e-05
     147   5.733676427977e-05
     148   5.556074344892e-05
     149   5.332687996573e-05
     150   5.168045416526e-05
     151   5.037027282484e-05
     152   4.890916626354e-05
     153   4.682223919528e-05
     154   4.556140476442e-05
     155   4.502339726853e-05
     156   4.451133620786e-05
     157   4.375881780672e-05
     158   4.293269976341e-05
     159   4.240517658016e-05
     160   4.190178786667e-05
     161   4.134509488496e-05
     162   4.057960761772e-05
     163   3.990767597828e-05
     164   3.933581184012e-05
     165   3.879162798304e-05
     166   3.819701701002e-05
     167   3.773737794677e-05
     168   3.747645892616e-05
     169   3.726333938547e-05
     170   3.698815392961e-05
     171   3.666111517364e-05
     172   3.643880789039e-05
     173   3.636275939611e-05
     174   3.634954568765e-05
     175   3.634621752102e-05
     176   3.634542873587e-05
     177   3.634462388158e-05
     178   3.634369156924e-05
     179   3.634202205849e-05
     180   3.633902479416e-05
     181   3.633362994282e-05
     182   3.632402734799e-05
     183   3.630734623894e-05
     184   3.627901798353e-05
     185   3.623153602206e-05
     186   3.615278602465e-05
     187   3.602758162291e-05
     188   3.585695762975e-05
     189   3.564318307070e-05
     190   3.551220260134e-05
     191   3.549169839390e-05
     192   3.547793789782e-05
     193   3.546799030618e-05
     194   3.546082484063e-05
     195   3.545779549852e-05
     196   3.545390651649e-05
     197   3.545258459747e-05
