# iteration    cost = 1 - F_e
# Nlayers = 6, theta_target = 0.7854, cutoffA = 10, cutoffB = 2
       0   5.404976316976e-01
       1   4.205099269105e-01
       2   4.044565084119e-01
       3   3.960965109345e-01
       4   3.893128808891e-01
       5   3.862334554293e-01
       6   3.858627784129e-01
       7   3.852773867509e-01
       8   3.847415495300e-01
       9   3.845344329965e-01
      10   3.842771244274e-01
      11   3.840818620587e-01
      12   3.839029867502e-01
      13   3.837108486691e-01
      14   3.820301625394e-01
      15   3.812567697263e-01
      16   3.798990322428e-01
      17   3.773559276409e-01
      18   3.728967940111e-01
      19   3.661200183993e-01
      20   3.587693218833e-01
      21   3.445518799315e-01
      22   3.172820256143e-01
      23   2.688670538882e-01
      24   1.989027066581e-01
      25   1.420721220249e-01
      26   1.222093928998e-01
      27   1.110857279927e-01
      28   1.073561947203e-01
      29   1.035224762473e-01
      30   1.020378099455e-01
      31   1.006114051086e-01
      32   1.004825407213e-01
      33   1.002397546151e-01
      34   9.980193042583e-02
      35   9.910535851426e-02
      36   9.846787720028e-02
      37   9.835439825891e-02
      38   9.815440548317e-02
      39   9.783440399517e-02
      40   9.758121643430e-02
      41   9.755236819285e-02
      42   9.753903870255e-02
      43   9.753650236437e-02
      44   9.753513717961e-02
      45   9.753486651124e-02
      46   9.753474785331e-02
      47   9.753467785921e-02
      48   9.753465268532e-02
      49   9.753464593272e-02
      50   9.753464345405e-02
      51   9.753464254546e-02
      52   9.753464236937e-02
