# iteration    cost = 1 - F_e
# Nlayers = 3, theta_target = 0.7854, cutoffA = 10, cutoffB = 2
       0   9.741606497536e-01
       1   9.679673945590e-01
       2   9.653040424368e-01
       3   9.633416088813e-01
       4   9.482675068420e-01
       5   9.459409183049e-01
       6   8.757543621429e-01
       7   8.422389036201e-01
       8   8.252063872300e-01
       9   8.226034185932e-01
      10   8.204073561712e-01
      11   8.167262725349e-01
      12   8.121177507743e-01
      13   8.113645414002e-01
      14   8.111965307665e-01
      15   8.110066241088e-01
      16   8.108004779626e-01
      17   8.107119319635e-01
      18   8.106958784401e-01
      19   8.106906710398e-01
      20   8.106827400543e-01
      21   8.106740612375e-01
      22   8.106693873557e-01
      23   8.106680519535e-01
      24   8.106676056789e-01
      25   8.106670210630e-01
      26   8.106663869420e-01
      27   8.106659502883e-01
      28   8.106656964740e-01
      29   8.106653780752e-01
      30   8.106648182632e-01
      31   8.106637893270e-01
      32   8.106618637188e-01
      33   8.106582434360e-01
      34   8.106515057114e-01
      35   8.106396991990e-01
      36   8.106256053182e-01
      37   8.106124071324e-01
      38   8.105879519860e-01
      39   8.105493486303e-01
      40   8.105321969685e-01
      41   8.105290948978e-01
      42   8.105279638033e-01
      43   8.105269731602e-01
      44   8.105186035331e-01
      45   8.105033881578e-01
      46   8.103731844342e-01
      47   8.102990662301e-01
      48   8.101970088951e-01
      49   8.100314240183e-01
      50   8.097524610634e-01
      51   8.092869025334e-01
      52   8.085975195484e-01
      53   8.076034362838e-01
      54   8.068245808053e-01
      55   8.064438925473e-01
      56   8.058604366613e-01
      57   8.049850699780e-01
      58   8.038988342769e-01
      59   8.032944240172e-01
      60   8.030005968242e-01
      61   8.029383953894e-01
      62   8.028546289445e-01
      63   8.026982050617e-01
      64   8.024036254193e-01
      65   8.018650366296e-01
      66   8.010638947010e-01
      67   8.006025998895e-01
      68   8.002747966445e-01
      69   8.001573634453e-01
      70   8.001469202377e-01
      71   8.001434981314e-01
      72   8.001426071594e-01
      73   8.001425324990e-01
      74   8.001424607282e-01
      75   8.001424599408e-01
