# iteration    cost = 1 - F_e
# Nlayers = 9, theta_target = 0.7854, cutoffA = 10, cutoffB = 2
       0   1.268504781143e-01
       1   2.884265815315e-02
       2   2.369054012040e-02
       3   1.769025828862e-02
       4   1.030699997017e-02
       5   7.013670973608e-03
       6   6.196900857094e-03
       7   5.990061120086e-03
       8   5.918574557280e-03
       9   5.868147539393e-03
      10   5.843547226874e-03
      11   5.815823082014e-03
      12   5.806991505115e-03
      13   5.796228669975e-03
      14   5.788688921685e-03
      15   5.786856527505e-03
      16   5.783648233976e-03
      17   5.779023556455e-03
      18   5.776862630377e-03
      19   5.774100744850e-03
      20   5.771573736945e-03
      21   5.767527841546e-03
      22   5.761552026064e-03
      23   5.757717480795e-03
      24   5.753548148686e-03
      25   5.752174835036e-03
      26   5.750340301656e-03
      27   5.749700466677e-03
      28   5.749329138626e-03
      29   5.749008975695e-03
      30   5.748637280580e-03
      31   5.748362586973e-03
      32   5.747943450503e-03
      33   5.747553351107e-03
      34   5.747335257640e-03
      35   5.747103292229e-03
      36   5.746833761151e-03
      37   5.746431463995e-03
      38   5.746004006164e-03
      39   5.745712831857e-03
      40   5.745600985813e-03
      41   5.745556346574e-03
      42   5.745511773824e-03
      43   5.745440990972e-03
      44   5.745328723871e-03
      45   5.745163458073e-03
      46   5.745009587306e-03
      47   5.744878439331e-03
      48   5.744751324199e-03
      49   5.744556484071e-03
      50   5.744238960016e-03
      51   5.743732547715e-03
      52   5.743041709064e-03
      53   5.742614323734e-03
      54   5.742346048916e-03
      55   5.742228261740e-03
      56   5.742085606170e-03
      57   5.741858465180e-03
      58   5.741476639216e-03
      59   5.740807732153e-03
      60   5.739610813225e-03
      61   5.737456029920e-03
      62   5.733755807701e-03
      63   5.729928860348e-03
      64   5.723898610300e-03
      65   5.713253566252e-03
      66   5.697130608656e-03
      67   5.684598028258e-03
      68   5.676826767002e-03
      69   5.667788952713e-03
      70   5.656662251649e-03
      71   5.636718750550e-03
      72   5.601550820142e-03
      73   5.538914948433e-03
      74   5.436331011372e-03
      75   5.360072437294e-03
      76   5.246454063361e-03
      77   5.069963447239e-03
      78   4.753034738438e-03
      79   4.461876491995e-03
      80   4.066195765557e-03
      81   3.632578499897e-03
      82   3.375140084063e-03
      83   3.094646725313e-03
      84   2.743219719208e-03
      85   2.331176727731e-03
      86   2.239751015458e-03
      87   2.133935499226e-03
      88   2.067160336204e-03
      89   2.016881072097e-03
      90   1.957603224062e-03
      91   1.920590790451e-03
      92   1.868022025921e-03
      93   1.804038377041e-03
      94   1.751277808065e-03
      95   1.687721847913e-03
      96   1.606014579286e-03
      97   1.537576524532e-03
      98   1.473774355560e-03
      99   1.436959641451e-03
     100   1.389404090544e-03
     101   1.340119636401e-03
     102   1.292943525904e-03
     103   1.250637770011e-03
     104   1.223126904081e-03
     105   1.205101827616e-03
     106   1.192888581413e-03
     107   1.178073588136e-03
     108   1.168174985573e-03
     109   1.158188650079e-03
     110   1.148731622359e-03
     111   1.141920565384e-03
     112   1.137011439725e-03
     113   1.132653363697e-03
     114   1.128518570623e-03
     115   1.126004687072e-03
     116   1.124664838704e-03
     117   1.123824485583e-03
     118   1.123136126263e-03
     119   1.122687240083e-03
     120   1.122463018752e-03
     121   1.122360457246e-03
     122   1.122286609035e-03
     123   1.122216319022e-03
     124   1.122156996216e-03
     125   1.122096776607e-03
     126   1.122046484273e-03
     127   1.122011613224e-03
     128   1.121981052267e-03
     129   1.121932999377e-03
     130   1.121852770056e-03
     131   1.121717491411e-03
     132   1.121500880635e-03
     133   1.121225165937e-03
     134   1.121073584635e-03
     135   1.120976609793e-03
     136   1.120943712365e-03
     137   1.120916553566e-03
     138   1.120880059654e-03
     139   1.120826605790e-03
     140   1.120766769565e-03
     141   1.120718581964e-03
     142   1.120690126904e-03
     143   1.120672095591e-03
     144   1.120656037567e-03
     145   1.120637569311e-03
     146   1.120615217789e-03
     147   1.120587847740e-03
     148   1.120560047567e-03
     149   1.120540035268e-03
     150   1.120529374371e-03
     151   1.120522267841e-03
     152   1.120512158120e-03
     153   1.120495016899e-03
     154   1.120465025108e-03
     155   1.120412665042e-03
     156   1.120324680114e-03
     157   1.120191448946e-03
     158   1.120056832543e-03
     159   1.119936658446e-03
     160   1.119823850882e-03
     161   1.119738132152e-03
     162   1.119612007545e-03
     163   1.119411885709e-03
     164   1.119108076665e-03
     165   1.118789428762e-03
     166   1.118591114529e-03
     167   1.118502032355e-03
     168   1.118480904100e-03
     169   1.118476821180e-03
     170   1.118476181056e-03
     171   1.118476059616e-03
