# iteration    cost = 1 - F_e
# Nlayers = 4, theta_target = 0.7854, cutoffA = 10, cutoffB = 2
       0   8.725308190553e-01
       1   8.565723733514e-01
       2   8.325794122184e-01
       3   8.186234586494e-01
       4   8.137494047954e-01
       5   8.130805574502e-01
       6   8.119289819133e-01
       7   8.108855382703e-01
       8   8.108495597641e-01
       9   8.108299200273e-01
      10   8.107991829384e-01
      11   8.107704328085e-01
      12   8.107544246451e-01
      13   8.107278490998e-01
      14   8.106845704727e-01
      15   8.106195243500e-01
      16   8.105691250253e-01
      17   8.105515589680e-01
      18   8.105429756990e-01
      19   8.105304799036e-01
      20   8.105208762988e-01
      21   8.105116981673e-01
      22   8.105022772396e-01
      23   8.104979481660e-01
      24   8.104947333631e-01
      25   8.104898728954e-01
      26   8.104840855588e-01
      27   8.104779248632e-01
      28   8.104709089065e-01
      29   8.104601013602e-01
      30   8.104410873708e-01
      31   8.104075154377e-01
      32   8.103568958380e-01
      33   8.102837777988e-01
      34   8.101468029092e-01
      35   8.098976417905e-01
      36   8.095178342752e-01
      37   8.090711704144e-01
      38   8.088510613217e-01
      39   8.084552790018e-01
      40   8.078443524874e-01
      41   8.074287138339e-01
      42   8.070866046280e-01
      43   8.050245309404e-01
      44   8.038073852978e-01
      45   8.017684545254e-01
      46   7.990473411877e-01
      47   7.980641525573e-01
      48   7.963180662941e-01
      49   7.933250792626e-01
      50   7.882271290689e-01
      51   7.805593526037e-01
      52   7.734817851996e-01
      53   7.633550030439e-01
      54   7.535713620985e-01
      55   7.523081869507e-01
      56   7.503587083160e-01
      57   7.478813989957e-01
      58   7.470803285775e-01
      59   7.459126853157e-01
      60   7.443711849041e-01
      61   7.433741950775e-01
      62   7.420521004566e-01
      63   7.401887460404e-01
      64   7.385774451677e-01
      65   7.366067070461e-01
      66   7.340726809299e-01
      67   7.320030333024e-01
      68   7.297940420535e-01
      69   7.278493086111e-01
      70   7.264100912391e-01
      71   7.255990494103e-01
      72   7.249303295745e-01
      73   7.244814490228e-01
      74   7.242593068435e-01
      75   7.241657235732e-01
      76   7.241039033745e-01
      77   7.240752445552e-01
      78   7.240577648865e-01
      79   7.240381234615e-01
      80   7.240194043961e-01
      81   7.240080287115e-01
      82   7.240035130852e-01
      83   7.240005988529e-01
      84   7.239964040798e-01
      85   7.239919545744e-01
      86   7.239887332263e-01
      87   7.239872576191e-01
      88   7.239866052705e-01
      89   7.239861738817e-01
      90   7.239858938686e-01
      91   7.239857863000e-01
      92   7.239857499423e-01
      93   7.239857180463e-01
      94   7.239856658740e-01
      95   7.239855835709e-01
      96   7.239854877096e-01
      97   7.239854486361e-01
      98   7.239854375788e-01
      99   7.239854364636e-01
     100   7.239854360507e-01
