# iteration    cost = 1 - F_e
# Nlayers = 5, theta_target = 0.7854, cutoffA = 10, cutoffB = 2
       0   7.972835509210e-01
       1   7.540652063596e-01
       2   7.513103620250e-01
       3   7.461227464189e-01
       4   7.371941140488e-01
       5   7.276847021439e-01
       6   7.263549279822e-01
       7   7.246207147873e-01
       8   7.242767066586e-01
       9   7.241750454663e-01
      10   7.240390477093e-01
      11   7.238160697753e-01
      12   7.234906259445e-01
      13   7.230397513348e-01
      14   7.221504978817e-01
      15   7.215261908754e-01
      16   7.208280694534e-01
      17   7.194953406176e-01
      18   7.117108705977e-01
      19   7.053350194863e-01
      20   6.938720531545e-01
      21   6.777782022406e-01
      22   6.675745871631e-01
      23   6.594008638273e-01
      24   6.551182282114e-01
      25   6.522152560092e-01
      26   6.504885685341e-01
      27   6.495566647789e-01
      28   6.489678179169e-01
      29   6.484739314011e-01
      30   6.479141906095e-01
      31   6.472039685915e-01
      32   6.467824281627e-01
      33   6.463533117345e-01
      34   6.461295295212e-01
      35   6.460010220248e-01
      36   6.459411630720e-01
      37   6.459090883975e-01
      38   6.458832773405e-01
      39   6.458654911231e-01
      40   6.458578694576e-01
      41   6.458554518398e-01
      42   6.458541441476e-01
      43   6.458529010459e-01
      44   6.458515914753e-01
      45   6.458497036686e-01
      46   6.458469871946e-01
      47   6.458438466122e-01
      48   6.458413240909e-01
      49   6.458397089088e-01
      50   6.458385436069e-01
      51   6.458375275055e-01
      52   6.458367519980e-01
      53   6.458362629095e-01
      54   6.458359176496e-01
      55   6.458355773904e-01
      56   6.458352049108e-01
      57   6.458348014191e-01
      58   6.458343416937e-01
      59   6.458337906978e-01
      60   6.458332000376e-01
      61   6.458327269155e-01
      62   6.458324391446e-01
      63   6.458322440570e-01
      64   6.458320385513e-01
      65   6.458317861910e-01
      66   6.458315059369e-01
      67   6.458312129821e-01
      68   6.458308710987e-01
      69   6.458304085800e-01
      70   6.458297811782e-01
      71   6.458290245509e-01
      72   6.458282022355e-01
      73   6.458273301058e-01
      74   6.458264768833e-01
      75   6.458258851975e-01
      76   6.458256579550e-01
      77   6.458256013312e-01
      78   6.458255766270e-01
      79   6.458255518800e-01
      80   6.458255302259e-01
      81   6.458255141015e-01
      82   6.458254980216e-01
      83   6.458254711734e-01
      84   6.458254239889e-01
      85   6.458253392366e-01
      86   6.458251860073e-01
      87   6.458249064700e-01
      88   6.458243772572e-01
      89   6.455527946450e-01
      90   6.455526779287e-01
      91   6.452629560294e-01
      92   6.448721673813e-01
      93   6.441726822999e-01
      94   6.428413206481e-01
      95   6.404532006440e-01
      96   6.367016909167e-01
      97   6.299639157774e-01
      98   6.194882125487e-01
      99   6.101079849070e-01
     100   5.985187766078e-01
     101   5.802617774946e-01
     102   5.569636547337e-01
     103   5.435465330920e-01
     104   5.319833956774e-01
     105   5.251714212362e-01
     106   5.164797201575e-01
     107   5.051287967943e-01
     108   4.939940009056e-01
     109   4.855633893157e-01
     110   4.705178774497e-01
     111   4.451828226851e-01
     112   4.156621450067e-01
     113   4.016156750597e-01
     114   3.998820395823e-01
     115   3.966827849209e-01
     116   3.915712432491e-01
     117   3.870671576749e-01
     118   3.859789399463e-01
     119   3.855584357873e-01
     120   3.852742476428e-01
     121   3.849253933164e-01
     122   3.845759010676e-01
     123   3.844169064991e-01
     124   3.843276110456e-01
     125   3.842929556047e-01
     126   3.842690464020e-01
     127   3.842579079647e-01
     128   3.842556178188e-01
     129   3.842553651928e-01
     130   3.842553204604e-01
     131   3.842552882215e-01
     132   3.842552806984e-01
     133   3.842552798928e-01
     134   3.842552797805e-01
