# iteration    cost = 1 - F_e
# Nlayers = 10, theta_target = 0.7854, cutoffA = 10, cutoffB = 2
       0   9.900271640638e-01
       1   9.834414595970e-01
       2   9.800163672659e-01
       3   9.733523387563e-01
       4   9.676788075168e-01
       5   9.588872048100e-01
       6   9.419876071980e-01
       7   9.184521932954e-01
       8   8.931537268972e-01
       9   8.563833985377e-01
      10   8.487752220815e-01
      11   8.409719287048e-01
      12   8.366612602212e-01
      13   8.333639047942e-01
      14   8.312636422054e-01
      15   8.302050482843e-01
      16   8.288246087775e-01
      17   8.281209291677e-01
      18   8.273981927197e-01
      19   8.265739061325e-01
      20   8.249964017758e-01
      21   8.194901050480e-01
      22   8.182601818874e-01
      23   8.159200193582e-01
      24   8.114680575273e-01
      25   8.037246873918e-01
      26   7.923826188291e-01
      27   7.722612665812e-01
      28   7.457654372667e-01
      29   7.222438469403e-01
      30   6.969701863617e-01
      31   6.571118025769e-01
      32   6.242138707039e-01
      33   6.079772073562e-01
      34   5.843786825202e-01
      35   5.625137048020e-01
      36   5.444789783071e-01
      37   5.164226758537e-01
      38   4.798741392494e-01
      39   4.552927963919e-01
      40   4.232881012791e-01
      41   3.723426592984e-01
      42   3.364066440729e-01
      43   2.802061443634e-01
      44   2.361486891026e-01
      45   1.707157225114e-01
      46   1.185657064211e-01
      47   9.631499021853e-02
      48   7.760379716665e-02
      49   6.107823888354e-02
      50   5.229340994071e-02
      51   4.275965362976e-02
      52   3.978839043213e-02
      53   3.493779000250e-02
      54   2.868077984794e-02
      55   2.740816833124e-02
      56   2.522453724556e-02
      57   2.188851553675e-02
      58   1.810153394861e-02
      59   1.634488711775e-02
      60   1.450656461442e-02
      61   1.254030935611e-02
      62   1.187063164489e-02
      63   1.080100635501e-02
      64   9.720656241498e-03
      65   9.366182028006e-03
      66   8.908440522647e-03
      67   8.451420258143e-03
      68   8.136064757523e-03
      69   7.691238184990e-03
      70   7.342967868513e-03
      71   7.129492687491e-03
      72   6.983622956072e-03
      73   6.901117624885e-03
      74   6.852158822820e-03
      75   6.798012581287e-03
      76   6.743529059436e-03
      77   6.693293257442e-03
      78   6.644191386782e-03
      79   6.618340568187e-03
      80   6.597825712995e-03
      81   6.581604891167e-03
      82   6.561491187867e-03
      83   6.549257392124e-03
      84   6.538513506048e-03
      85   6.531036768354e-03
      86   6.523115810475e-03
      87   6.515422917883e-03
      88   6.506969257008e-03
      89   6.496332624780e-03
      90   6.480971705023e-03
      91   6.461265278275e-03
      92   6.442144316984e-03
      93   6.427632707118e-03
      94   6.416395564544e-03
      95   6.406582121521e-03
      96   6.398612520005e-03
      97   6.390977952382e-03
      98   6.383068670327e-03
      99   6.375249064125e-03
     100   6.363228021362e-03
     101   6.349999981594e-03
     102   6.341073683841e-03
     103   6.330019868552e-03
     104   6.316279526584e-03
     105   6.297070235654e-03
     106   6.269135340338e-03
     107   6.245498162941e-03
     108   6.229413171557e-03
     109   6.210693861868e-03
     110   6.192069708051e-03
     111   6.163607025298e-03
     112   6.121492407021e-03
     113   6.073116133750e-03
     114   6.036910067305e-03
     115   5.991889587886e-03
     116   5.946266508488e-03
     117   5.915025193147e-03
     118   5.861842074526e-03
     119   5.782563996966e-03
     120   5.712122532705e-03
     121   5.650802992353e-03
     122   5.556181375434e-03
     123   5.397193415478e-03
     124   5.140196171416e-03
     125   4.816120038176e-03
     126   4.668728777134e-03
     127   4.563076566884e-03
     128   4.406121503954e-03
     129   4.208975013842e-03
     130   4.077327373621e-03
     131   3.936965320583e-03
     132   3.827296364213e-03
     133   3.676311957144e-03
     134   3.554923821938e-03
     135   3.452325401004e-03
     136   3.339996938003e-03
     137   3.198371513591e-03
     138   3.076708742018e-03
     139   2.962276152076e-03
     140   2.865622127823e-03
     141   2.739005976188e-03
     142   2.566544917296e-03
     143   2.463796409133e-03
     144   2.312699392615e-03
     145   2.162218643921e-03
     146   2.034979995128e-03
     147   1.968874139648e-03
     148   1.871083945565e-03
     149   1.784931406993e-03
     150   1.685248650257e-03
     151   1.584022100621e-03
     152   1.469332135909e-03
     153   1.406716080748e-03
     154   1.371019371218e-03
     155   1.346913869109e-03
     156   1.333871685450e-03
     157   1.319312599091e-03
     158   1.307765471330e-03
     159   1.299231943624e-03
     160   1.293871927184e-03
     161   1.289619584694e-03
     162   1.285667225163e-03
     163   1.281294569629e-03
     164   1.275545423293e-03
     165   1.268477107691e-03
     166   1.257459435706e-03
     167   1.242018653614e-03
     168   1.230319309986e-03
     169   1.221361629090e-03
     170   1.215897324416e-03
     171   1.211812388431e-03
     172   1.208659386555e-03
     173   1.206194044339e-03
     174   1.203506576986e-03
     175   1.199363924119e-03
     176   1.194394905609e-03
     177   1.190864537620e-03
     178   1.188745140946e-03
     179   1.187384260293e-03
     180   1.185623257713e-03
     181   1.183133512492e-03
     182   1.180606161853e-03
     183   1.178239425148e-03
     184   1.175503650616e-03
     185   1.173731476379e-03
     186   1.172363606128e-03
     187   1.170924727736e-03
     188   1.169195140407e-03
     189   1.166767725289e-03
     190   1.163394675887e-03
     191   1.159080244357e-03
     192   1.154650411159e-03
     193   1.150686934184e-03
     194   1.147483016730e-03
     195   1.144064320363e-03
     196   1.141237626454e-03
     197   1.139492986253e-03
     198   1.138665093180e-03
     199   1.137693529365e-03
     200   1.136538143604e-03
     201   1.134839755779e-03
     202   1.132302155649e-03
     203   1.128961590566e-03
     204   1.125500459500e-03
     205   1.122504394780e-03
     206   1.120837575611e-03
     207   1.120223523008e-03
     208   1.120000656128e-03
     209   1.119863481980e-03
     210   1.119770574859e-03
     211   1.119710889833e-03
     212   1.119652691050e-03
     213   1.119571069585e-03
     214   1.119443091509e-03
     215   1.119239040677e-03
     216   1.118913999588e-03
     217   1.118416692823e-03
     218   1.117783078335e-03
     219   1.117285948737e-03
     220   1.117061831593e-03
     221   1.117022990823e-03
     222   1.117017282665e-03
     223   1.117016249308e-03
     224   1.117015294046e-03
     225   1.117013696611e-03
     226   1.117011015737e-03
     227   1.117006610198e-03
     228   1.116999402564e-03
     229   1.116987337458e-03
     230   1.116966485349e-03
     231   1.116929390132e-03
     232   1.116862398019e-03
     233   1.116739275123e-03
     234   1.116509541600e-03
     235   1.116078188485e-03
     236   1.115318085559e-03
     237   1.114634924463e-03
     238   1.113556423603e-03
     239   1.111511155498e-03
     240   1.107671842399e-03
     241   1.101666295788e-03
     242   1.099899365371e-03
     243   1.098387822536e-03
     244   1.098154847785e-03
     245   1.097785935696e-03
     246   1.097596593517e-03
     247   1.097579060936e-03
     248   1.097567218850e-03
     249   1.097564574326e-03
     250   1.097559903221e-03
     251   1.097551479317e-03
     252   1.097536136216e-03
     253   1.097508378951e-03
     254   1.097458722146e-03
     255   1.097371221717e-03
     256   1.097218876034e-03
     257   1.096953685223e-03
     258   1.096495023340e-03
     259   1.095733658202e-03
     260   1.094625443727e-03
     261   1.092898481584e-03
     262   1.090151615666e-03
     263   1.086724558851e-03
     264   1.083802875694e-03
     265   1.082658869641e-03
     266   1.081493415143e-03
     267   1.080310611835e-03
     268   1.078866297905e-03
     269   1.077719468994e-03
     270   1.076596341434e-03
     271   1.075409435241e-03
     272   1.074911103758e-03
     273   1.074231080272e-03
     274   1.073723108708e-03
     275   1.073397762187e-03
     276   1.073144045921e-03
     277   1.072790313317e-03
     278   1.072302287947e-03
     279   1.071796260069e-03
     280   1.071447452746e-03
     281   1.071247376790e-03
     282   1.071063500202e-03
     283   1.070992184893e-03
     284   1.070964977860e-03
     285   1.070954065369e-03
     286   1.070940579189e-03
     287   1.070918827758e-03
     288   1.070883526920e-03
     289   1.070828104269e-03
     290   1.070751856468e-03
     291   1.070697337799e-03
     292   1.070657773736e-03
     293   1.070612231441e-03
     294   1.070567253724e-03
     295   1.070488694240e-03
     296   1.070352805865e-03
     297   1.070124343935e-03
     298   1.069751574221e-03
     299   1.069179033681e-03
     300   1.068368958541e-03
     301   1.068021224248e-03
     302   1.067375488101e-03
     303   1.066311378772e-03
     304   1.064673695087e-03
     305   1.062242676124e-03
     306   1.060617969716e-03
     307   1.060054463775e-03
     308   1.059246892289e-03
     309   1.058643424624e-03
     310   1.058114520427e-03
     311   1.057862127892e-03
     312   1.057737346606e-03
     313   1.057666987690e-03
     314   1.057631558436e-03
     315   1.057604404334e-03
     316   1.057593726325e-03
     317   1.057577181492e-03
     318   1.057550043000e-03
     319   1.057504367918e-03
     320   1.057427256319e-03
     321   1.057299055373e-03
     322   1.057091841134e-03
     323   1.056766253749e-03
     324   1.056271001006e-03
     325   1.055568810552e-03
     326   1.054681654622e-03
     327   1.053731816820e-03
     328   1.052577100079e-03
     329   1.051223339122e-03
     330   1.049433476406e-03
     331   1.047301311486e-03
     332   1.045126709529e-03
     333   1.044099617068e-03
     334   1.042916510608e-03
     335   1.042106466743e-03
     336   1.041739694057e-03
     337   1.041506498620e-03
     338   1.041414472939e-03
     339   1.041357074938e-03
     340   1.041288602586e-03
     341   1.041186171983e-03
     342   1.041013458145e-03
     343   1.040721406224e-03
     344   1.040256767906e-03
     345   1.039575116849e-03
     346   1.038785541245e-03
     347   1.037886952039e-03
     348   1.037421774934e-03
     349   1.036638883882e-03
     350   1.035355328754e-03
     351   1.033581126718e-03
     352   1.032573653446e-03
     353   1.031335310605e-03
     354   1.030135918495e-03
     355   1.029329985704e-03
     356   1.028602243386e-03
     357   1.027596817873e-03
     358   1.026540563815e-03
     359   1.025800877550e-03
     360   1.024859383636e-03
     361   1.023633243443e-03
     362   1.021863655789e-03
     363   1.020731009496e-03
     364   1.019321425441e-03
     365   1.018489375006e-03
     366   1.017296276114e-03
     367   1.016135211472e-03
     368   1.014661939398e-03
     369   1.013722315342e-03
     370   1.012846576920e-03
     371   1.011458195058e-03
     372   1.009838005311e-03
     373   1.009026773628e-03
     374   1.007844419469e-03
     375   1.006517241394e-03
     376   1.004774720968e-03
     377   1.003570034237e-03
     378   1.002272911490e-03
     379   1.001931962792e-03
     380   1.001353447323e-03
     381   1.000599229645e-03
     382   1.000275994081e-03
     383   9.998759263590e-04
     384   9.992845469745e-04
     385   9.983614409702e-04
     386   9.969400167731e-04
     387   9.962058932180e-04
     388   9.952811272197e-04
     389   9.949597914194e-04
     390   9.944640368935e-04
     391   9.937714190121e-04
     392   9.933655984450e-04
     393   9.928585623246e-04
     394   9.923712972687e-04
     395   9.918574447815e-04
     396   9.913063209740e-04
     397   9.906405700957e-04
     398   9.897410343396e-04
     399   9.890802222869e-04
     400   9.887021495474e-04
     401   9.882348465650e-04
     402   9.879308100436e-04
     403   9.876362612532e-04
     404   9.872450435142e-04
     405   9.866645137158e-04
     406   9.860002484422e-04
     407   9.857650592715e-04
     408   9.854527985516e-04
     409   9.851850871797e-04
     410   9.849289276209e-04
     411   9.846068380446e-04
     412   9.843740320781e-04
     413   9.841713324551e-04
     414   9.840836303104e-04
     415   9.839697985788e-04
     416   9.838918741082e-04
     417   9.838150267149e-04
     418   9.837216286815e-04
     419   9.836244729309e-04
     420   9.835341722046e-04
     421   9.834529658395e-04
     422   9.833893307057e-04
     423   9.833091256342e-04
     424   9.831998062697e-04
     425   9.831382808178e-04
     426   9.831033578430e-04
     427   9.830749414678e-04
     428   9.830371328499e-04
     429   9.830161331030e-04
     430   9.830060081570e-04
     431   9.830005102726e-04
     432   9.829961437243e-04
     433   9.829914384052e-04
     434   9.829846357653e-04
     435   9.829789193481e-04
     436   9.829751657439e-04
     437   9.829722248089e-04
     438   9.829698098217e-04
     439   9.829668757615e-04
     440   9.829640275200e-04
     441   9.829600619267e-04
     442   9.829566366707e-04
     443   9.829537026289e-04
     444   9.829510835988e-04
     445   9.829494393068e-04
     446   9.829482401809e-04
     447   9.829472528952e-04
     448   9.829465013822e-04
     449   9.829457226580e-04
     450   9.829448462488e-04
     451   9.829435603618e-04
     452   9.829422163610e-04
     453   9.829404451742e-04
     454   9.829382369166e-04
     455   9.829350984478e-04
     456   9.829311290113e-04
     457   9.829261438539e-04
     458   9.829216687802e-04
     459   9.829172973267e-04
     460   9.829151084577e-04
     461   9.829141098971e-04
     462   9.829138082629e-04
