# iteration    cost = 1 - F_e
# Nlayers = 8, theta_target = 0.7854, cutoffA = 10, cutoffB = 2
       0   7.129698388370e-01
       1   7.034399770558e-02
       2   1.906118434831e-02
       3   1.340669494610e-02
       4   8.624780708054e-03
       5   7.874607080390e-03
       6   7.442573108782e-03
       7   7.063415330399e-03
       8   6.749498287569e-03
       9   6.702725626164e-03
      10   6.619833841946e-03
      11   6.499933930076e-03
      12   6.445829587077e-03
      13   6.428241312646e-03
      14   6.410222328125e-03
      15   6.395875914242e-03
      16   6.387757438713e-03
      17   6.374213653647e-03
      18   6.355943067570e-03
      19   6.351665689063e-03
      20   6.350919838092e-03
      21   6.350243105751e-03
      22   6.349618492970e-03
      23   6.349039248022e-03
      24   6.348206904458e-03
      25   6.346972207862e-03
      26   6.346192814506e-03
      27   6.345769954204e-03
      28   6.345200444127e-03
      29   6.344455913243e-03
      30   6.344161432247e-03
      31   6.343844960392e-03
      32   6.343641585015e-03
      33   6.343561921371e-03
      34   6.343543130978e-03
      35   6.343533808367e-03
      36   6.343521676592e-03
      37   6.343509351091e-03
      38   6.343500905966e-03
      39   6.343496881402e-03
      40   6.343494172550e-03
      41   6.343490544819e-03
      42   6.343484640543e-03
      43   6.343474878929e-03
      44   6.343459406930e-03
      45   6.343439215583e-03
      46   6.343425621948e-03
      47   6.343415090508e-03
      48   6.343408385903e-03
      49   6.343399860815e-03
      50   6.343389316130e-03
      51   6.343378354996e-03
      52   6.343368854934e-03
      53   6.343358781125e-03
      54   6.343342557748e-03
      55   6.343314984286e-03
      56   6.343266405296e-03
      57   6.343179887111e-03
      58   6.343026925125e-03
      59   6.342763948707e-03
      60   6.342341942314e-03
      61   6.341756429478e-03
      62   6.341085222565e-03
      63   6.340036799020e-03
      64   6.338967564130e-03
      65   6.338212685386e-03
      66   6.336932612435e-03
      67   6.334968647062e-03
      68   6.333681770169e-03
      69   6.332487887642e-03
      70   6.331911013610e-03
      71   6.331556572022e-03
      72   6.331422089805e-03
      73   6.331318767541e-03
      74   6.331164955256e-03
      75   6.331045964845e-03
      76   6.331010286279e-03
      77   6.330987436687e-03
      78   6.330948079585e-03
      79   6.330877388892e-03
      80   6.330748091384e-03
      81   6.330510358895e-03
      82   6.330073436892e-03
      83   6.329270312617e-03
      84   6.327783751670e-03
      85   6.324970581912e-03
      86   6.314502753284e-03
      87   6.310177227050e-03
      88   6.304068947871e-03
      89   6.293125656306e-03
      90   6.272917283187e-03
      91   6.237398506408e-03
      92   6.197324322801e-03
      93   6.157205472698e-03
      94   6.144871303810e-03
      95   6.129321946337e-03
      96   6.123622759315e-03
      97   6.121106047706e-03
      98   6.118625893388e-03
      99   6.116209293876e-03
     100   6.112597357613e-03
     101   6.106659817021e-03
     102   6.096884746150e-03
     103   6.081461304399e-03
     104   6.058460513093e-03
     105   6.027851212511e-03
     106   5.982654661578e-03
     107   5.914496401860e-03
     108   5.841802755643e-03
     109   5.822453481806e-03
     110   5.808794615640e-03
     111   5.802981292152e-03
     112   5.798733271502e-03
     113   5.796827568191e-03
     114   5.795675552187e-03
     115   5.795254549772e-03
     116   5.795142527806e-03
     117   5.795048491669e-03
     118   5.794969008351e-03
     119   5.794829207633e-03
     120   5.794577827908e-03
     121   5.794125326078e-03
     122   5.793321974833e-03
     123   5.791939486388e-03
     124   5.789684383044e-03
     125   5.786260142543e-03
     126   5.781182809998e-03
     127   5.773548646600e-03
     128   5.766864816108e-03
     129   5.765909794311e-03
     130   5.765594583119e-03
     131   5.765282662608e-03
     132   5.765124506835e-03
     133   5.765044659894e-03
     134   5.764972580517e-03
     135   5.764877331578e-03
     136   5.764723426152e-03
     137   5.764454076853e-03
     138   5.763965163704e-03
     139   5.763068190861e-03
     140   5.761446520551e-03
     141   5.758685155949e-03
     142   5.754836233874e-03
     143   5.752729162702e-03
     144   5.752044165419e-03
     145   5.751119557017e-03
     146   5.750685220902e-03
     147   5.750481999326e-03
     148   5.750345585231e-03
     149   5.750202950382e-03
     150   5.750118414806e-03
     151   5.750057509607e-03
     152   5.750039006680e-03
     153   5.750035353218e-03
     154   5.750034802494e-03
