# iteration    cost = 1 - F_e
# Nlayers = 2, theta_target = 0.7854, cutoffA = 10, cutoffB = 2
       0   9.177652843818e-01
       1   8.486345923466e-01
       2   8.219070698110e-01
       3   8.184831915523e-01
       4   8.165495342979e-01
       5   8.136211489279e-01
       6   8.124965766783e-01
       7   8.123388248313e-01
       8   8.120422294364e-01
       9   8.115263022266e-01
      10   8.108913223107e-01
      11   8.108250790719e-01
      12   8.107909196482e-01
      13   8.107378773467e-01
      14   8.106932028281e-01
      15   8.106846323491e-01
      16   8.106834505690e-01
      17   8.106834303352e-01
      18   8.106834266521e-01
      19   8.106834199410e-01
      20   8.106834076341e-01
      21   8.106833855620e-01
      22   8.106833485149e-01
      23   8.106832978146e-01
      24   8.106832712976e-01
      25   8.106832535208e-01
      26   8.106832496020e-01
