# iteration    cost = 1 - F_e
# Nlayers = 7, theta_target = 0.7854, cutoffA = 10, cutoffB = 2
       0   2.179710363303e-01
       1   1.541632813652e-01
       2   1.061177600985e-01
       3   1.007484661018e-01
       4   9.871566237539e-02
       5   9.817951321561e-02
       6   9.798298307095e-02
       7   9.782267876032e-02
       8   9.764604708383e-02
       9   9.748079649019e-02
      10   9.731531269639e-02
      11   9.710369402858e-02
      12   9.682400188288e-02
      13   9.675294194241e-02
      14   9.662837207952e-02
      15   9.643029370285e-02
      16   9.617940851515e-02
      17   9.593093025914e-02
      18   9.554553726841e-02
      19   9.487977265922e-02
      20   9.391446035472e-02
      21   9.336139033178e-02
      22   9.250350351071e-02
      23   9.091858382235e-02
      24   8.469007530161e-02
      25   8.023041991406e-02
      26   7.412981737467e-02
      27   6.416334438153e-02
      28   5.137931784815e-02
      29   4.275641159915e-02
      30   3.508595571026e-02
      31   2.755509043048e-02
      32   2.296705033116e-02
      33   1.946268699082e-02
      34   1.754181082382e-02
      35   1.561152914146e-02
      36   1.298945607831e-02
      37   1.040904278760e-02
      38   9.485398533387e-03
      39   8.262734413572e-03
      40   7.415012325584e-03
      41   7.002759936083e-03
      42   6.764195885814e-03
      43   6.655318783316e-03
      44   6.591183084261e-03
      45   6.542796179533e-03
      46   6.512965859199e-03
      47   6.475675679182e-03
      48   6.436923011298e-03
      49   6.420956138476e-03
      50   6.408381075846e-03
      51   6.400512582335e-03
      52   6.395038904862e-03
      53   6.388307784268e-03
      54   6.380734178492e-03
      55   6.373862692672e-03
      56   6.369096878345e-03
      57   6.365012353137e-03
      58   6.360381660252e-03
      59   6.354993353776e-03
      60   6.350203330635e-03
      61   6.347232918202e-03
      62   6.345950686835e-03
      63   6.345508187684e-03
      64   6.345394241919e-03
      65   6.345373061987e-03
      66   6.345365124598e-03
      67   6.345357900277e-03
      68   6.345353286207e-03
      69   6.345351351574e-03
      70   6.345350761165e-03
      71   6.345350585393e-03
