# iteration    cost = 1 - F_e
# Nlayers = 3, r_target = 0.4, cutoffA = 10, cutoffB = 2
       0   9.255693650424e-01
       1   5.776527685565e-01
       2   5.690674054816e-01
       3   5.568033194899e-01
       4   5.548240577303e-01
       5   5.537814998341e-01
       6   5.532835402450e-01
       7   5.529368661730e-01
       8   5.524286657460e-01
       9   5.521971684567e-01
      10   5.521665391622e-01
      11   5.521541772748e-01
      12   5.521429419482e-01
      13   5.521360792216e-01
      14   5.521300983107e-01
      15   5.521211891462e-01
      16   5.521077389955e-01
      17   5.520932030509e-01
      18   5.520837591418e-01
      19   5.520805847692e-01
      20   5.520796043058e-01
      21   5.520785111264e-01
      22   5.520770686298e-01
      23   5.520758102318e-01
      24   5.520752896122e-01
      25   5.520751062421e-01
      26   5.520748585133e-01
      27   5.520745178849e-01
      28   5.520743932077e-01
      29   5.520743129721e-01
      30   5.520742830058e-01
      31   5.520742749287e-01
      32   5.520742666084e-01
      33   5.520742595406e-01
      34   5.520742479695e-01
      35   5.520742311693e-01
      36   5.520742209988e-01
      37   5.520742183093e-01
