# nlayer   iteration    cost = 1 - F_e
# r_target = 0.4, cutoffA = 10, cutoffB = 2
     1          0   5.588599459960e-01
     1          1   5.559143832647e-01
     1          2   5.537757406219e-01
     1          3   5.524943341365e-01
     1          4   5.521051527204e-01
     1          5   5.520749819457e-01
     1          6   5.520742534057e-01
     1          7   5.520742278756e-01
     1          8   5.520742184613e-01

     2          0   8.456836101339e-01
     2          1   6.284418059408e-01
     2          2   5.841856067402e-01
     2          3   5.577864991259e-01
     2          4   5.540469217698e-01
     2          5   5.528784850293e-01
     2          6   5.524708876170e-01
     2          7   5.523355203435e-01
     2          8   5.521340396787e-01
     2          9   5.520742986325e-01
     2         10   5.520742373554e-01
     2         11   5.520742196015e-01
     2         12   5.520742184079e-01

     3          0   9.255693650424e-01
     3          1   5.776527685565e-01
     3          2   5.690674054816e-01
     3          3   5.568033194899e-01
     3          4   5.548240577303e-01
     3          5   5.537814998341e-01
     3          6   5.532835402450e-01
     3          7   5.529368661730e-01
     3          8   5.524286657460e-01
     3          9   5.521971684567e-01
     3         10   5.521665391622e-01
     3         11   5.521541772748e-01
     3         12   5.521429419482e-01
     3         13   5.521360792216e-01
     3         14   5.521300983107e-01
     3         15   5.521211891462e-01
     3         16   5.521077389955e-01
     3         17   5.520932030509e-01
     3         18   5.520837591418e-01
     3         19   5.520805847692e-01
     3         20   5.520796043058e-01
     3         21   5.520785111264e-01
     3         22   5.520770686298e-01
     3         23   5.520758102318e-01
     3         24   5.520752896122e-01
     3         25   5.520751062421e-01
     3         26   5.520748585133e-01
     3         27   5.520745178849e-01
     3         28   5.520743932077e-01
     3         29   5.520743129721e-01
     3         30   5.520742830058e-01
     3         31   5.520742749287e-01
     3         32   5.520742666084e-01
     3         33   5.520742595406e-01
     3         34   5.520742479695e-01
     3         35   5.520742311693e-01
     3         36   5.520742209988e-01
     3         37   5.520742183093e-01

     4          0   6.804562286887e-01
     4          1   5.600304318210e-01
     4          2   5.537541194484e-01
     4          3   5.534004337645e-01
     4          4   5.528942728189e-01
     4          5   5.525073522442e-01
     4          6   5.523657821903e-01
     4          7   5.523191811686e-01
     4          8   5.522536214003e-01
     4          9   5.521626231250e-01
     4         10   5.520772596637e-01
     4         11   5.520279186142e-01
     4         12   5.519944163189e-01
     4         13   5.519384791632e-01
     4         14   5.518399379533e-01
     4         15   5.516781413604e-01
     4         16   5.515464814174e-01
     4         17   5.513197373789e-01
     4         18   5.508974341332e-01
     4         19   5.501009723914e-01
     4         20   5.487075416410e-01
     4         21   5.475967438096e-01
     4         22   5.456975258060e-01
     4         23   5.364441805563e-01
     4         24   5.265059294378e-01
     4         25   5.102235168882e-01
     4         26   4.834128481658e-01
     4         27   4.524934669873e-01
     4         28   4.425128370408e-01
     4         29   4.262217208582e-01
     4         30   4.077979541471e-01
     4         31   3.999691060135e-01
     4         32   3.885203895684e-01
     4         33   3.767002255503e-01
     4         34   3.653004521495e-01
     4         35   3.423748486543e-01
     4         36   3.294314917967e-01
     4         37   3.218734822874e-01
     4         38   3.117319715862e-01
     4         39   3.009823926890e-01
     4         40   2.965248876552e-01
     4         41   2.932879555337e-01
     4         42   2.924674914967e-01
     4         43   2.916516445760e-01
     4         44   2.912046358468e-01
     4         45   2.911588180940e-01
     4         46   2.910859073035e-01
     4         47   2.910152181346e-01
     4         48   2.909943385537e-01
     4         49   2.909831451842e-01
     4         50   2.909812327058e-01
     4         51   2.909800889757e-01
     4         52   2.909794964857e-01
     4         53   2.909792436353e-01
     4         54   2.909791897159e-01
     4         55   2.909791793324e-01
     4         56   2.909791767249e-01
     4         57   2.909791761284e-01

     5          0   5.548123290953e-01
     5          1   3.372445999962e-01
     5          2   3.095974143936e-01
     5          3   2.996839537830e-01
     5          4   2.946787214098e-01
     5          5   2.929669798948e-01
     5          6   2.921964669794e-01
     5          7   2.913970706206e-01
     5          8   2.911022908516e-01
     5          9   2.906933217373e-01
     5         10   2.903703402511e-01
     5         11   2.899046066034e-01
     5         12   2.878363602208e-01
     5         13   2.863887627263e-01
     5         14   2.837964344307e-01
     5         15   2.795532823737e-01
     5         16   2.741056171080e-01
     5         17   2.682870453809e-01
     5         18   2.613884868210e-01
     5         19   2.503801301626e-01
     5         20   2.366110714559e-01
     5         21   2.153924762474e-01
     5         22   1.831777659153e-01
     5         23   1.698088361543e-01
     5         24   1.569908081589e-01
     5         25   1.420151646197e-01
     5         26   1.257731739854e-01
     5         27   1.023490402205e-01
     5         28   9.170207843780e-02
     5         29   8.245719763724e-02
     5         30   7.477690045406e-02
     5         31   6.930932740242e-02
     5         32   6.627185704271e-02
     5         33   6.364688980278e-02
     5         34   6.045572027743e-02
     5         35   5.848686315601e-02
     5         36   5.717564932176e-02
     5         37   5.641183827019e-02
     5         38   5.621994277490e-02
     5         39   5.598307600160e-02
     5         40   5.584537312871e-02
     5         41   5.573477269350e-02
     5         42   5.563742766417e-02
     5         43   5.554874981777e-02
     5         44   5.541041494043e-02
     5         45   5.519096545148e-02
     5         46   5.489468275835e-02
     5         47   5.470998639891e-02
     5         48   5.463438823280e-02
     5         49   5.460111898928e-02
     5         50   5.458925389938e-02
     5         51   5.458587489206e-02
     5         52   5.458540032736e-02
     5         53   5.458525767882e-02
     5         54   5.458522120925e-02
     5         55   5.458520504490e-02
     5         56   5.458520182867e-02
     5         57   5.458520078620e-02

     6          0   9.875153871798e-01
     6          1   7.396666514296e-01
     6          2   7.372773823059e-01
     6          3   6.490962344031e-01
     6          4   5.740646901443e-01
     6          5   5.587303119710e-01
     6          6   5.538783383514e-01
     6          7   5.516698522801e-01
     6          8   5.481024598395e-01
     6          9   5.429228271779e-01
     6         10   5.373164430961e-01
     6         11   5.282193822319e-01
     6         12   5.151774809822e-01
     6         13   4.950189615964e-01
     6         14   4.647229064065e-01
     6         15   4.390222221006e-01
     6         16   4.178740401999e-01
     6         17   3.976721498095e-01
     6         18   3.819764497500e-01
     6         19   3.555550697559e-01
     6         20   3.353452839079e-01
     6         21   3.100671584143e-01
     6         22   2.707842144027e-01
     6         23   2.259691444114e-01
     6         24   2.192138189323e-01
     6         25   2.070703292140e-01
     6         26   1.871915110300e-01
     6         27   1.646168100200e-01
     6         28   1.496961510178e-01
     6         29   1.241178399050e-01
     6         30   8.407507587920e-02
     6         31   6.062854241190e-02
     6         32   5.212527695516e-02
     6         33   4.241218047324e-02
     6         34   3.661072902385e-02
     6         35   3.100243984936e-02
     6         36   2.792383339983e-02
     6         37   2.504008628130e-02
     6         38   2.374740710544e-02
     6         39   2.229725708256e-02
     6         40   2.037361281458e-02
     6         41   1.810410976732e-02
     6         42   1.592574318685e-02
     6         43   1.327519764818e-02
     6         44   1.165143971061e-02
     6         45   9.804736032246e-03
     6         46   7.970870807775e-03
     6         47   6.235688613924e-03
     6         48   5.157188492792e-03
     6         49   4.726095079248e-03
     6         50   4.406092607665e-03
     6         51   4.159168939401e-03
     6         52   3.808135126316e-03
     6         53   3.494736413780e-03
     6         54   3.221297339612e-03
     6         55   2.997889430288e-03
     6         56   2.924684333167e-03
     6         57   2.883629931628e-03
     6         58   2.850209563941e-03
     6         59   2.822915057923e-03
     6         60   2.804878285055e-03
     6         61   2.776631270130e-03
     6         62   2.732358050863e-03
     6         63   2.664591979128e-03
     6         64   2.577370684137e-03
     6         65   2.499314248912e-03
     6         66   2.453124634200e-03
     6         67   2.436681012666e-03
     6         68   2.431754727903e-03
     6         69   2.429364236054e-03
     6         70   2.427684281892e-03
     6         71   2.426368566909e-03
     6         72   2.425725758882e-03
     6         73   2.425527901577e-03
     6         74   2.425421147347e-03
     6         75   2.425341343414e-03
     6         76   2.425251109964e-03
     6         77   2.425105689276e-03
     6         78   2.424863196994e-03
     6         79   2.424462854460e-03
     6         80   2.423863427665e-03
     6         81   2.423360822011e-03
     6         82   2.423128718036e-03
     6         83   2.423059036601e-03
     6         84   2.423049109538e-03
     6         85   2.423046779525e-03
     6         86   2.423046223456e-03

     7          0   1.360640613856e-01
     7          1   5.727198051001e-02
     7          2   4.262708689384e-02
     7          3   2.100857812777e-02
     7          4   1.229006262332e-02
     7          5   4.273882285637e-03
     7          6   3.479202048413e-03
     7          7   3.060263427156e-03
     7          8   2.848593662358e-03
     7          9   2.600069304167e-03
     7         10   2.542292486783e-03
     7         11   2.525450253740e-03
     7         12   2.503629349099e-03
     7         13   2.499496347625e-03
     7         14   2.493253396240e-03
     7         15   2.485307300498e-03
     7         16   2.476975524747e-03
     7         17   2.466725307685e-03
     7         18   2.453940478545e-03
     7         19   2.450057918332e-03
     7         20   2.443912440540e-03
     7         21   2.436731572630e-03
     7         22   2.434566387226e-03
     7         23   2.432597967057e-03
     7         24   2.430564614876e-03
     7         25   2.427739033832e-03
     7         26   2.426642873440e-03
     7         27   2.426332813092e-03
     7         28   2.425874334912e-03
     7         29   2.425500878423e-03
     7         30   2.425315705559e-03
     7         31   2.425057302258e-03
     7         32   2.424833852692e-03
     7         33   2.424507212711e-03
     7         34   2.424168365192e-03
     7         35   2.423797832437e-03
     7         36   2.423404953285e-03
     7         37   2.422964377630e-03
     7         38   2.422494146632e-03
     7         39   2.422100922193e-03
     7         40   2.421964037872e-03
     7         41   2.421948564280e-03
     7         42   2.421946155518e-03
     7         43   2.421944531195e-03
     7         44   2.421941556115e-03
     7         45   2.421936067501e-03
     7         46   2.421926144648e-03
     7         47   2.421909230964e-03
     7         48   2.421884958769e-03
     7         49   2.421869781561e-03
     7         50   2.421859687400e-03
     7         51   2.421854758060e-03
     7         52   2.421853116144e-03
     7         53   2.421851121206e-03
     7         54   2.421847786227e-03
     7         55   2.421842163566e-03
     7         56   2.421833062880e-03
     7         57   2.421819229731e-03
     7         58   2.421800254499e-03
     7         59   2.421768011118e-03
     7         60   2.421710932083e-03
     7         61   2.421607860276e-03
     7         62   2.421423756522e-03
     7         63   2.421122803447e-03
     7         64   2.420769974954e-03
     7         65   2.420112059291e-03
     7         66   2.418903948492e-03
     7         67   2.416836750777e-03
     7         68   2.414608274972e-03
     7         69   2.413653659868e-03
     7         70   2.412422494710e-03
     7         71   2.410260250286e-03
     7         72   2.406752901033e-03
     7         73   2.402878330966e-03
     7         74   2.400629926426e-03
     7         75   2.399186760751e-03
     7         76   2.396712736090e-03
     7         77   2.392695935713e-03
     7         78   2.387877661992e-03
     7         79   2.385075060720e-03
     7         80   2.382908910754e-03
     7         81   2.380580025732e-03
     7         82   2.379043433975e-03
     7         83   2.378265996929e-03
     7         84   2.377506968045e-03
     7         85   2.377099452544e-03
     7         86   2.376890973616e-03
     7         87   2.376762283506e-03
     7         88   2.376633857507e-03
     7         89   2.376409644169e-03
     7         90   2.376011267381e-03
     7         91   2.375374247297e-03
     7         92   2.374353052475e-03
     7         93   2.372564076334e-03
     7         94   2.369313752833e-03
     7         95   2.363482371152e-03
     7         96   2.353830188281e-03
     7         97   2.348552196397e-03
     7         98   2.339901116801e-03
     7         99   2.327739343404e-03
     7        100   2.323510008278e-03
     7        101   2.322186889456e-03
     7        102   2.320805558250e-03
     7        103   2.318580618958e-03
     7        104   2.315190505446e-03
     7        105   2.311955955635e-03
     7        106   2.309914811499e-03
     7        107   2.308229878297e-03
     7        108   2.307226578534e-03
     7        109   2.306629701073e-03
     7        110   2.306049601614e-03
     7        111   2.305552273431e-03
     7        112   2.304706456247e-03
     7        113   2.303238693365e-03
     7        114   2.300712115421e-03
     7        115   2.296689771355e-03
     7        116   2.291114988704e-03
     7        117   2.284028810820e-03
     7        118   2.279077508057e-03
     7        119   2.271175407639e-03
     7        120   2.263454849057e-03
     7        121   2.257814558411e-03
     7        122   2.252065994545e-03
     7        123   2.243383150243e-03
     7        124   2.240690048565e-03
     7        125   2.236365327117e-03
     7        126   2.229772094927e-03
     7        127   2.219431498105e-03
     7        128   2.213228404413e-03
     7        129   2.202753521183e-03
     7        130   2.184893982226e-03
     7        131   2.161084710745e-03
     7        132   2.138276101888e-03
     7        133   2.126908168388e-03
     7        134   2.112074858427e-03
     7        135   2.092727461782e-03
     7        136   2.072485953129e-03
     7        137   2.045813116360e-03
     7        138   2.020319589735e-03
     7        139   1.997706591880e-03
     7        140   1.961666654761e-03
     7        141   1.916162450930e-03
     7        142   1.849946959271e-03
     7        143   1.779995898168e-03
     7        144   1.720966991894e-03
     7        145   1.627682351503e-03
     7        146   1.562571046670e-03
     7        147   1.467960316309e-03
     7        148   1.416729373603e-03
     7        149   1.345321222042e-03
     7        150   1.312533994523e-03
     7        151   1.284381243096e-03
     7        152   1.260124016974e-03
     7        153   1.236372500886e-03
     7        154   1.213295954633e-03
     7        155   1.189424747243e-03
     7        156   1.162317610932e-03
     7        157   1.139692318560e-03
     7        158   1.114382610283e-03
     7        159   1.083288263200e-03
     7        160   1.044808482820e-03
     7        161   1.005994796387e-03
     7        162   9.403510810094e-04
     7        163   8.360871200233e-04
     7        164   7.108944861212e-04
     7        165   6.859568339437e-04
     7        166   6.513889081730e-04
     7        167   6.212711545601e-04
     7        168   6.013290128896e-04
     7        169   5.859975380804e-04
     7        170   5.624175594983e-04
     7        171   5.339927998557e-04
     7        172   5.041482155161e-04
     7        173   4.789312945362e-04
     7        174   4.683280437670e-04
     7        175   4.586106867396e-04
     7        176   4.522740403812e-04
     7        177   4.449295836557e-04
     7        178   4.334647363694e-04
     7        179   4.158127738475e-04
     7        180   3.933719241326e-04
     7        181   3.664956532313e-04
     7        182   3.366700687621e-04
     7        183   3.023675480611e-04
     7        184   2.918717217739e-04
     7        185   2.841674044555e-04
     7        186   2.808535591430e-04
     7        187   2.771646061044e-04
     7        188   2.715367175647e-04
     7        189   2.633875364514e-04
     7        190   2.546456620997e-04
     7        191   2.468850055606e-04
     7        192   2.405772820040e-04
     7        193   2.345433224771e-04
     7        194   2.284139254630e-04
     7        195   2.236792707130e-04
     7        196   2.184373756827e-04
     7        197   2.157341923466e-04
     7        198   2.142783940219e-04
     7        199   2.131191886861e-04
     7        200   2.118679887197e-04
     7        201   2.103741751128e-04
     7        202   2.085400348923e-04
     7        203   2.072953157962e-04
     7        204   2.067721022188e-04
     7        205   2.063804801086e-04
     7        206   2.057773429928e-04
     7        207   2.047343434859e-04
     7        208   2.028595633041e-04
     7        209   1.994705093890e-04
     7        210   1.934440542073e-04
     7        211   1.833356945788e-04
     7        212   1.707604818421e-04
     7        213   1.667016251923e-04
     7        214   1.599883370936e-04
     7        215   1.495486526175e-04
     7        216   1.379270776212e-04
     7        217   1.320647693330e-04
     7        218   1.282469925369e-04
     7        219   1.229696137993e-04
     7        220   1.198449426884e-04
     7        221   1.158090309059e-04
     7        222   1.133295734800e-04
     7        223   1.117553613542e-04
     7        224   1.110277044508e-04
     7        225   1.104644579386e-04
     7        226   1.100644560827e-04
     7        227   1.094705499163e-04
     7        228   1.085630161546e-04
     7        229   1.077198409339e-04
     7        230   1.072323753661e-04
     7        231   1.065282985681e-04
     7        232   1.055570109437e-04
     7        233   1.044202527143e-04
     7        234   1.028082490439e-04
     7        235   1.013693145634e-04
     7        236   1.007636768111e-04
     7        237   9.990476792354e-05
     7        238   9.895809767524e-05
     7        239   9.770131807940e-05
     7        240   9.602318113122e-05
     7        241   9.436425243947e-05
     7        242   9.361118692264e-05
     7        243   9.308838626421e-05
     7        244   9.244736820835e-05
     7        245   9.163693220193e-05
     7        246   9.115371157464e-05
     7        247   9.092123307652e-05
     7        248   9.080931392136e-05
     7        249   9.071876925493e-05
     7        250   9.057877944119e-05
     7        251   9.037069617135e-05
     7        252   9.011417635507e-05
     7        253   8.974843896570e-05
     7        254   8.916047074592e-05
     7        255   8.819347722988e-05
     7        256   8.663805687203e-05
     7        257   8.434733159446e-05
     7        258   8.163811023565e-05
     7        259   7.931562912755e-05
     7        260   7.850872334614e-05
     7        261   7.788375358331e-05
     7        262   7.738061963980e-05
     7        263   7.702880995875e-05
     7        264   7.656876851314e-05
     7        265   7.608698101802e-05
     7        266   7.547012750309e-05
     7        267   7.481185878999e-05
     7        268   7.414917036352e-05
     7        269   7.379652180328e-05
     7        270   7.351174600101e-05
     7        271   7.331368636332e-05
     7        272   7.309117549137e-05
     7        273   7.292204668630e-05
     7        274   7.278679831513e-05
     7        275   7.267757162810e-05
     7        276   7.264803064200e-05
     7        277   7.263214553999e-05
     7        278   7.262168260125e-05
     7        279   7.261770129507e-05
     7        280   7.261624615096e-05
     7        281   7.261499282829e-05
     7        282   7.261355916566e-05
     7        283   7.261230853883e-05
     7        284   7.261141448422e-05
     7        285   7.261110645029e-05

