# iteration    cost = 1 - F_e
# Nlayers = 4, r_target = 0.4, cutoffA = 10, cutoffB = 2
       0   6.804562286887e-01
       1   5.600304318210e-01
       2   5.537541194484e-01
       3   5.534004337645e-01
       4   5.528942728189e-01
       5   5.525073522442e-01
       6   5.523657821903e-01
       7   5.523191811686e-01
       8   5.522536214003e-01
       9   5.521626231250e-01
      10   5.520772596637e-01
      11   5.520279186142e-01
      12   5.519944163189e-01
      13   5.519384791632e-01
      14   5.518399379533e-01
      15   5.516781413604e-01
      16   5.515464814174e-01
      17   5.513197373789e-01
      18   5.508974341332e-01
      19   5.501009723914e-01
      20   5.487075416410e-01
      21   5.475967438096e-01
      22   5.456975258060e-01
      23   5.364441805563e-01
      24   5.265059294378e-01
      25   5.102235168882e-01
      26   4.834128481658e-01
      27   4.524934669873e-01
      28   4.425128370408e-01
      29   4.262217208582e-01
      30   4.077979541471e-01
      31   3.999691060135e-01
      32   3.885203895684e-01
      33   3.767002255503e-01
      34   3.653004521495e-01
      35   3.423748486543e-01
      36   3.294314917967e-01
      37   3.218734822874e-01
      38   3.117319715862e-01
      39   3.009823926890e-01
      40   2.965248876552e-01
      41   2.932879555337e-01
      42   2.924674914967e-01
      43   2.916516445760e-01
      44   2.912046358468e-01
      45   2.911588180940e-01
      46   2.910859073035e-01
      47   2.910152181346e-01
      48   2.909943385537e-01
      49   2.909831451842e-01
      50   2.909812327058e-01
      51   2.909800889757e-01
      52   2.909794964857e-01
      53   2.909792436353e-01
      54   2.909791897159e-01
      55   2.909791793324e-01
      56   2.909791767249e-01
      57   2.909791761284e-01
