# iteration    cost = 1 - F_e
# Nlayers = 6, r_target = 0.4, cutoffA = 10, cutoffB = 2
       0   9.875153871798e-01
       1   7.396666514296e-01
       2   7.372773823059e-01
       3   6.490962344031e-01
       4   5.740646901443e-01
       5   5.587303119710e-01
       6   5.538783383514e-01
       7   5.516698522801e-01
       8   5.481024598395e-01
       9   5.429228271779e-01
      10   5.373164430961e-01
      11   5.282193822319e-01
      12   5.151774809822e-01
      13   4.950189615964e-01
      14   4.647229064065e-01
      15   4.390222221006e-01
      16   4.178740401999e-01
      17   3.976721498095e-01
      18   3.819764497500e-01
      19   3.555550697559e-01
      20   3.353452839079e-01
      21   3.100671584143e-01
      22   2.707842144027e-01
      23   2.259691444114e-01
      24   2.192138189323e-01
      25   2.070703292140e-01
      26   1.871915110300e-01
      27   1.646168100200e-01
      28   1.496961510178e-01
      29   1.241178399050e-01
      30   8.407507587920e-02
      31   6.062854241190e-02
      32   5.212527695516e-02
      33   4.241218047324e-02
      34   3.661072902385e-02
      35   3.100243984936e-02
      36   2.792383339983e-02
      37   2.504008628130e-02
      38   2.374740710544e-02
      39   2.229725708256e-02
      40   2.037361281458e-02
      41   1.810410976732e-02
      42   1.592574318685e-02
      43   1.327519764818e-02
      44   1.165143971061e-02
      45   9.804736032246e-03
      46   7.970870807775e-03
      47   6.235688613924e-03
      48   5.157188492792e-03
      49   4.726095079248e-03
      50   4.406092607665e-03
      51   4.159168939401e-03
      52   3.808135126316e-03
      53   3.494736413780e-03
      54   3.221297339612e-03
      55   2.997889430288e-03
      56   2.924684333167e-03
      57   2.883629931628e-03
      58   2.850209563941e-03
      59   2.822915057923e-03
      60   2.804878285055e-03
      61   2.776631270130e-03
      62   2.732358050863e-03
      63   2.664591979128e-03
      64   2.577370684137e-03
      65   2.499314248912e-03
      66   2.453124634200e-03
      67   2.436681012666e-03
      68   2.431754727903e-03
      69   2.429364236054e-03
      70   2.427684281892e-03
      71   2.426368566909e-03
      72   2.425725758882e-03
      73   2.425527901577e-03
      74   2.425421147347e-03
      75   2.425341343414e-03
      76   2.425251109964e-03
      77   2.425105689276e-03
      78   2.424863196994e-03
      79   2.424462854460e-03
      80   2.423863427665e-03
      81   2.423360822011e-03
      82   2.423128718036e-03
      83   2.423059036601e-03
      84   2.423049109538e-03
      85   2.423046779525e-03
      86   2.423046223456e-03
