# iteration    cost = 1 - F_e
# Nlayers = 7, r_target = 0.4, cutoffA = 10, cutoffB = 2
       0   1.360640613856e-01
       1   5.727198051001e-02
       2   4.262708689384e-02
       3   2.100857812777e-02
       4   1.229006262332e-02
       5   4.273882285637e-03
       6   3.479202048413e-03
       7   3.060263427156e-03
       8   2.848593662358e-03
       9   2.600069304167e-03
      10   2.542292486783e-03
      11   2.525450253740e-03
      12   2.503629349099e-03
      13   2.499496347625e-03
      14   2.493253396240e-03
      15   2.485307300498e-03
      16   2.476975524747e-03
      17   2.466725307685e-03
      18   2.453940478545e-03
      19   2.450057918332e-03
      20   2.443912440540e-03
      21   2.436731572630e-03
      22   2.434566387226e-03
      23   2.432597967057e-03
      24   2.430564614876e-03
      25   2.427739033832e-03
      26   2.426642873440e-03
      27   2.426332813092e-03
      28   2.425874334912e-03
      29   2.425500878423e-03
      30   2.425315705559e-03
      31   2.425057302258e-03
      32   2.424833852692e-03
      33   2.424507212711e-03
      34   2.424168365192e-03
      35   2.423797832437e-03
      36   2.423404953285e-03
      37   2.422964377630e-03
      38   2.422494146632e-03
      39   2.422100922193e-03
      40   2.421964037872e-03
      41   2.421948564280e-03
      42   2.421946155518e-03
      43   2.421944531195e-03
      44   2.421941556115e-03
      45   2.421936067501e-03
      46   2.421926144648e-03
      47   2.421909230964e-03
      48   2.421884958769e-03
      49   2.421869781561e-03
      50   2.421859687400e-03
      51   2.421854758060e-03
      52   2.421853116144e-03
      53   2.421851121206e-03
      54   2.421847786227e-03
      55   2.421842163566e-03
      56   2.421833062880e-03
      57   2.421819229731e-03
      58   2.421800254499e-03
      59   2.421768011118e-03
      60   2.421710932083e-03
      61   2.421607860276e-03
      62   2.421423756522e-03
      63   2.421122803447e-03
      64   2.420769974954e-03
      65   2.420112059291e-03
      66   2.418903948492e-03
      67   2.416836750777e-03
      68   2.414608274972e-03
      69   2.413653659868e-03
      70   2.412422494710e-03
      71   2.410260250286e-03
      72   2.406752901033e-03
      73   2.402878330966e-03
      74   2.400629926426e-03
      75   2.399186760751e-03
      76   2.396712736090e-03
      77   2.392695935713e-03
      78   2.387877661992e-03
      79   2.385075060720e-03
      80   2.382908910754e-03
      81   2.380580025732e-03
      82   2.379043433975e-03
      83   2.378265996929e-03
      84   2.377506968045e-03
      85   2.377099452544e-03
      86   2.376890973616e-03
      87   2.376762283506e-03
      88   2.376633857507e-03
      89   2.376409644169e-03
      90   2.376011267381e-03
      91   2.375374247297e-03
      92   2.374353052475e-03
      93   2.372564076334e-03
      94   2.369313752833e-03
      95   2.363482371152e-03
      96   2.353830188281e-03
      97   2.348552196397e-03
      98   2.339901116801e-03
      99   2.327739343404e-03
     100   2.323510008278e-03
     101   2.322186889456e-03
     102   2.320805558250e-03
     103   2.318580618958e-03
     104   2.315190505446e-03
     105   2.311955955635e-03
     106   2.309914811499e-03
     107   2.308229878297e-03
     108   2.307226578534e-03
     109   2.306629701073e-03
     110   2.306049601614e-03
     111   2.305552273431e-03
     112   2.304706456247e-03
     113   2.303238693365e-03
     114   2.300712115421e-03
     115   2.296689771355e-03
     116   2.291114988704e-03
     117   2.284028810820e-03
     118   2.279077508057e-03
     119   2.271175407639e-03
     120   2.263454849057e-03
     121   2.257814558411e-03
     122   2.252065994545e-03
     123   2.243383150243e-03
     124   2.240690048565e-03
     125   2.236365327117e-03
     126   2.229772094927e-03
     127   2.219431498105e-03
     128   2.213228404413e-03
     129   2.202753521183e-03
     130   2.184893982226e-03
     131   2.161084710745e-03
     132   2.138276101888e-03
     133   2.126908168388e-03
     134   2.112074858427e-03
     135   2.092727461782e-03
     136   2.072485953129e-03
     137   2.045813116360e-03
     138   2.020319589735e-03
     139   1.997706591880e-03
     140   1.961666654761e-03
     141   1.916162450930e-03
     142   1.849946959271e-03
     143   1.779995898168e-03
     144   1.720966991894e-03
     145   1.627682351503e-03
     146   1.562571046670e-03
     147   1.467960316309e-03
     148   1.416729373603e-03
     149   1.345321222042e-03
     150   1.312533994523e-03
     151   1.284381243096e-03
     152   1.260124016974e-03
     153   1.236372500886e-03
     154   1.213295954633e-03
     155   1.189424747243e-03
     156   1.162317610932e-03
     157   1.139692318560e-03
     158   1.114382610283e-03
     159   1.083288263200e-03
     160   1.044808482820e-03
     161   1.005994796387e-03
     162   9.403510810094e-04
     163   8.360871200233e-04
     164   7.108944861212e-04
     165   6.859568339437e-04
     166   6.513889081730e-04
     167   6.212711545601e-04
     168   6.013290128896e-04
     169   5.859975380804e-04
     170   5.624175594983e-04
     171   5.339927998557e-04
     172   5.041482155161e-04
     173   4.789312945362e-04
     174   4.683280437670e-04
     175   4.586106867396e-04
     176   4.522740403812e-04
     177   4.449295836557e-04
     178   4.334647363694e-04
     179   4.158127738475e-04
     180   3.933719241326e-04
     181   3.664956532313e-04
     182   3.366700687621e-04
     183   3.023675480611e-04
     184   2.918717217739e-04
     185   2.841674044555e-04
     186   2.808535591430e-04
     187   2.771646061044e-04
     188   2.715367175647e-04
     189   2.633875364514e-04
     190   2.546456620997e-04
     191   2.468850055606e-04
     192   2.405772820040e-04
     193   2.345433224771e-04
     194   2.284139254630e-04
     195   2.236792707130e-04
     196   2.184373756827e-04
     197   2.157341923466e-04
     198   2.142783940219e-04
     199   2.131191886861e-04
     200   2.118679887197e-04
     201   2.103741751128e-04
     202   2.085400348923e-04
     203   2.072953157962e-04
     204   2.067721022188e-04
     205   2.063804801086e-04
     206   2.057773429928e-04
     207   2.047343434859e-04
     208   2.028595633041e-04
     209   1.994705093890e-04
     210   1.934440542073e-04
     211   1.833356945788e-04
     212   1.707604818421e-04
     213   1.667016251923e-04
     214   1.599883370936e-04
     215   1.495486526175e-04
     216   1.379270776212e-04
     217   1.320647693330e-04
     218   1.282469925369e-04
     219   1.229696137993e-04
     220   1.198449426884e-04
     221   1.158090309059e-04
     222   1.133295734800e-04
     223   1.117553613542e-04
     224   1.110277044508e-04
     225   1.104644579386e-04
     226   1.100644560827e-04
     227   1.094705499163e-04
     228   1.085630161546e-04
     229   1.077198409339e-04
     230   1.072323753661e-04
     231   1.065282985681e-04
     232   1.055570109437e-04
     233   1.044202527143e-04
     234   1.028082490439e-04
     235   1.013693145634e-04
     236   1.007636768111e-04
     237   9.990476792354e-05
     238   9.895809767524e-05
     239   9.770131807940e-05
     240   9.602318113122e-05
     241   9.436425243947e-05
     242   9.361118692264e-05
     243   9.308838626421e-05
     244   9.244736820835e-05
     245   9.163693220193e-05
     246   9.115371157464e-05
     247   9.092123307652e-05
     248   9.080931392136e-05
     249   9.071876925493e-05
     250   9.057877944119e-05
     251   9.037069617135e-05
     252   9.011417635507e-05
     253   8.974843896570e-05
     254   8.916047074592e-05
     255   8.819347722988e-05
     256   8.663805687203e-05
     257   8.434733159446e-05
     258   8.163811023565e-05
     259   7.931562912755e-05
     260   7.850872334614e-05
     261   7.788375358331e-05
     262   7.738061963980e-05
     263   7.702880995875e-05
     264   7.656876851314e-05
     265   7.608698101802e-05
     266   7.547012750309e-05
     267   7.481185878999e-05
     268   7.414917036352e-05
     269   7.379652180328e-05
     270   7.351174600101e-05
     271   7.331368636332e-05
     272   7.309117549137e-05
     273   7.292204668630e-05
     274   7.278679831513e-05
     275   7.267757162810e-05
     276   7.264803064200e-05
     277   7.263214553999e-05
     278   7.262168260125e-05
     279   7.261770129507e-05
     280   7.261624615096e-05
     281   7.261499282829e-05
     282   7.261355916566e-05
     283   7.261230853883e-05
     284   7.261141448422e-05
     285   7.261110645029e-05
