# iteration    cost = 1 - F_e
# Nlayers = 5, r_target = 0.4, cutoffA = 10, cutoffB = 2
       0   5.548123290953e-01
       1   3.372445999962e-01
       2   3.095974143936e-01
       3   2.996839537830e-01
       4   2.946787214098e-01
       5   2.929669798948e-01
       6   2.921964669794e-01
       7   2.913970706206e-01
       8   2.911022908516e-01
       9   2.906933217373e-01
      10   2.903703402511e-01
      11   2.899046066034e-01
      12   2.878363602208e-01
      13   2.863887627263e-01
      14   2.837964344307e-01
      15   2.795532823737e-01
      16   2.741056171080e-01
      17   2.682870453809e-01
      18   2.613884868210e-01
      19   2.503801301626e-01
      20   2.366110714559e-01
      21   2.153924762474e-01
      22   1.831777659153e-01
      23   1.698088361543e-01
      24   1.569908081589e-01
      25   1.420151646197e-01
      26   1.257731739854e-01
      27   1.023490402205e-01
      28   9.170207843780e-02
      29   8.245719763724e-02
      30   7.477690045406e-02
      31   6.930932740242e-02
      32   6.627185704271e-02
      33   6.364688980278e-02
      34   6.045572027743e-02
      35   5.848686315601e-02
      36   5.717564932176e-02
      37   5.641183827019e-02
      38   5.621994277490e-02
      39   5.598307600160e-02
      40   5.584537312871e-02
      41   5.573477269350e-02
      42   5.563742766417e-02
      43   5.554874981777e-02
      44   5.541041494043e-02
      45   5.519096545148e-02
      46   5.489468275835e-02
      47   5.470998639891e-02
      48   5.463438823280e-02
      49   5.460111898928e-02
      50   5.458925389938e-02
      51   5.458587489206e-02
      52   5.458540032736e-02
      53   5.458525767882e-02
      54   5.458522120925e-02
      55   5.458520504490e-02
      56   5.458520182867e-02
      57   5.458520078620e-02
