# iteration    cost = 1 - F_e
# Nlayers = 6, r_target = 0.25, cutoffA = 10, cutoffB = 2
       0   2.107706583849e-01
       1   2.166526685150e-02
       2   1.396198108540e-02
       3   1.027991620869e-02
       4   1.019731584879e-02
       5   1.015498964774e-02
       6   1.013217093805e-02
       7   1.011524989180e-02
       8   1.009621629148e-02
       9   1.007692324379e-02
      10   1.006271506277e-02
      11   1.004217365469e-02
      12   1.003606343059e-02
      13   1.003065032092e-02
      14   1.002722345732e-02
      15   1.002288841682e-02
      16   1.001472619031e-02
      17   9.947518492773e-03
      18   9.866088983368e-03
      19   9.791400059131e-03
      20   9.648205464551e-03
      21   9.382463518204e-03
      22   8.943039305892e-03
      23   8.415353273649e-03
      24   8.247590536129e-03
      25   7.969086960252e-03
      26   7.471578630109e-03
      27   6.672304259947e-03
      28   5.967846982770e-03
      29   5.415617672957e-03
      30   4.609212286718e-03
      31   3.827936707247e-03
      32   3.645409861654e-03
      33   3.364139713320e-03
      34   3.110542959563e-03
      35   2.960338970405e-03
      36   2.712408715783e-03
      37   2.363321674467e-03
      38   2.150101152538e-03
      39   1.980553484348e-03
      40   1.851148329061e-03
      41   1.769792867885e-03
      42   1.688147946415e-03
      43   1.567098918631e-03
      44   1.462040922015e-03
      45   1.392837355238e-03
      46   1.328543557302e-03
      47   1.260519807088e-03
      48   1.171735698432e-03
      49   1.042058381652e-03
      50   8.791876071862e-04
      51   8.437765741740e-04
      52   7.826265952434e-04
      53   7.064759127573e-04
      54   6.887181783825e-04
      55   6.674268365906e-04
      56   6.333438717075e-04
      57   5.814060195362e-04
      58   5.183967232749e-04
      59   4.513563635075e-04
      60   3.710243423050e-04
      61   3.173481016606e-04
      62   2.942016936264e-04
      63   2.724768114852e-04
      64   2.645032975795e-04
      65   2.538453840694e-04
      66   2.438333023086e-04
      67   2.286647195244e-04
      68   2.073773274508e-04
      69   1.869290910238e-04
      70   1.720634265147e-04
      71   1.651824437060e-04
      72   1.624106994472e-04
      73   1.617244690144e-04
      74   1.612166547190e-04
      75   1.609758877251e-04
      76   1.605799479699e-04
      77   1.599946926908e-04
      78   1.594868302836e-04
      79   1.590560059790e-04
      80   1.587272643425e-04
      81   1.585631324909e-04
      82   1.584904624431e-04
      83   1.584112696321e-04
      84   1.582849923554e-04
      85   1.580839787299e-04
      86   1.577877974975e-04
      87   1.574986307989e-04
      88   1.572135063362e-04
      89   1.569714918663e-04
      90   1.567500523728e-04
      91   1.564744329353e-04
      92   1.560459953910e-04
      93   1.553630454808e-04
      94   1.542790455372e-04
      95   1.526919210778e-04
      96   1.513147467833e-04
      97   1.504679367526e-04
      98   1.499668480087e-04
      99   1.496153183882e-04
     100   1.494648579314e-04
     101   1.493980156400e-04
     102   1.493825230541e-04
     103   1.493781624060e-04
     104   1.493772484092e-04
     105   1.493767054154e-04
