# iteration    cost = 1 - F_e
# Nlayers = 4, r_target = 0.25, cutoffA = 10, cutoffB = 2
       0   4.418572130211e-01
       1   2.873512008820e-01
       2   2.606373314834e-01
       3   2.592353703864e-01
       4   2.569997526570e-01
       5   2.551758815429e-01
       6   2.546550067544e-01
       7   2.540043974261e-01
       8   2.538761050539e-01
       9   2.538313310359e-01
      10   2.537920392133e-01
      11   2.537599963499e-01
      12   2.537344268201e-01
      13   2.537024500662e-01
      14   2.536628322191e-01
      15   2.536270646587e-01
      16   2.536102180596e-01
      17   2.536066630442e-01
      18   2.536056375367e-01
      19   2.536044863620e-01
      20   2.536026920642e-01
      21   2.536003527331e-01
      22   2.535990452004e-01
      23   2.535987447336e-01
      24   2.535987279747e-01
      25   2.535987261717e-01
      26   2.535987234106e-01
      27   2.535987188342e-01
      28   2.535987116731e-01
      29   2.535987039957e-01
      30   2.535986997211e-01
      31   2.535986949920e-01
      32   2.535986881910e-01
      33   2.535986762277e-01
      34   2.535986544914e-01
      35   2.535986148458e-01
      36   2.535985436272e-01
      37   2.535984208061e-01
      38   2.535982329800e-01
      39   2.535980995157e-01
      40   2.535980381342e-01
      41   2.535980289074e-01
      42   2.535980282822e-01
