# iteration    cost = 1 - F_e
# Nlayers = 5, r_target = 0.25, cutoffA = 10, cutoffB = 2
       0   3.844580790560e-01
       1   3.141468482879e-01
       2   2.628987863251e-01
       3   2.612230988174e-01
       4   2.587152566177e-01
       5   2.550428609626e-01
       6   2.539598028350e-01
       7   2.538904550699e-01
       8   2.537956768115e-01
       9   2.537482041451e-01
      10   2.536932046117e-01
      11   2.536519856783e-01
      12   2.536381034039e-01
      13   2.536330563146e-01
      14   2.536285337046e-01
      15   2.536213989042e-01
      16   2.536131319235e-01
      17   2.536099010154e-01
      18   2.536082103612e-01
      19   2.536066399172e-01
      20   2.536042617006e-01
      21   2.536019950334e-01
      22   2.536010948850e-01
      23   2.536008615539e-01
      24   2.536007024847e-01
      25   2.536004304595e-01
      26   2.535999499994e-01
      27   2.535991071310e-01
      28   2.535977177842e-01
      29   2.535959258260e-01
      30   2.535952068728e-01
      31   2.535948039277e-01
      32   2.535947549596e-01
      33   2.535947215880e-01
      34   2.535946621463e-01
      35   2.535945540997e-01
      36   2.535943598039e-01
      37   2.535940284032e-01
      38   2.535935605526e-01
      39   2.535932932882e-01
      40   2.535930580309e-01
      41   2.535927929909e-01
      42   2.535925177850e-01
      43   2.535920141288e-01
      44   2.535881038755e-01
      45   2.535813443950e-01
      46   2.535767234939e-01
      47   2.535686364640e-01
      48   2.535544576893e-01
      49   2.535306507350e-01
      50   2.534985889595e-01
      51   2.534453792761e-01
      52   2.532272602469e-01
      53   2.529766451656e-01
      54   2.525166722756e-01
      55   2.516215246400e-01
      56   2.501881899738e-01
      57   2.488680427131e-01
      58   2.480722654289e-01
      59   2.465937166712e-01
      60   2.352971774622e-01
      61   2.176764622977e-01
      62   2.092782769649e-01
      63   2.073985095485e-01
      64   2.038476390744e-01
      65   1.970335754511e-01
      66   1.843883528990e-01
      67   1.636582326262e-01
      68   1.517336859108e-01
      69   1.420430687483e-01
      70   1.359900801822e-01
      71   1.264389819680e-01
      72   1.140766163152e-01
      73   1.115145722780e-01
      74   1.092871996949e-01
      75   1.063088655053e-01
      76   1.023244373580e-01
      77   9.848390073005e-02
      78   9.486761208051e-02
      79   9.000448327279e-02
      80   8.352739223548e-02
      81   7.923059297172e-02
      82   7.330710343344e-02
      83   6.846615706157e-02
      84   6.311260490057e-02
      85   5.954609276696e-02
      86   5.487651207660e-02
      87   5.024384082686e-02
      88   4.556569945922e-02
      89   4.072065006178e-02
      90   3.393843389443e-02
      91   2.838476453622e-02
      92   2.672372215230e-02
      93   2.412313492902e-02
      94   2.065734256034e-02
      95   1.804612908101e-02
      96   1.601246994263e-02
      97   1.389986922689e-02
      98   1.304833594824e-02
      99   1.272034381793e-02
     100   1.246253956904e-02
     101   1.227275959221e-02
     102   1.206624580987e-02
     103   1.191019511968e-02
     104   1.178055647546e-02
     105   1.164415415803e-02
     106   1.154213465777e-02
     107   1.141754913124e-02
     108   1.131888779993e-02
     109   1.122292752973e-02
     110   1.110978426936e-02
     111   1.099395944117e-02
     112   1.083339730690e-02
     113   1.068125729372e-02
     114   1.058917425535e-02
     115   1.054996641015e-02
     116   1.052049615599e-02
     117   1.047759645208e-02
     118   1.041830624215e-02
     119   1.037518604949e-02
     120   1.035150491085e-02
     121   1.031809784363e-02
     122   1.028933564622e-02
     123   1.025343261410e-02
     124   1.020957266156e-02
     125   1.017690022348e-02
     126   1.016180866306e-02
     127   1.015618529583e-02
     128   1.015521013090e-02
     129   1.015475032242e-02
     130   1.015438603666e-02
     131   1.015425446988e-02
     132   1.015420309201e-02
     133   1.015419017537e-02
     134   1.015418801002e-02
     135   1.015418762114e-02
     136   1.015418756345e-02
