# iteration    cost = 1 - F_e
# Nlayers = 3, r_target = 0.25, cutoffA = 10, cutoffB = 2
       0   7.789360697658e-01
       1   3.326589050547e-01
       2   2.733785088205e-01
       3   2.592151299995e-01
       4   2.566539908327e-01
       5   2.549792927848e-01
       6   2.540082091003e-01
       7   2.538745683382e-01
       8   2.537922984007e-01
       9   2.536948636864e-01
      10   2.536441333997e-01
      11   2.536335905487e-01
      12   2.536323651673e-01
      13   2.536314278498e-01
      14   2.536297739263e-01
      15   2.536268352816e-01
      16   2.536218325699e-01
      17   2.536145043924e-01
      18   2.536098483008e-01
      19   2.536077187612e-01
      20   2.536065327900e-01
      21   2.536055843527e-01
      22   2.536040686006e-01
      23   2.536017390948e-01
      24   2.535992743313e-01
      25   2.535982344748e-01
      26   2.535980378741e-01
      27   2.535980273677e-01
