# nlayer   iteration    cost = 1 - F_e
# r_target = 0.25, cutoffA = 10, cutoffB = 2
     1          0   2.653835796974e-01
     1          1   2.589940431566e-01
     1          2   2.553734760403e-01
     1          3   2.535989565717e-01
     1          4   2.535980875107e-01
     1          5   2.535980272341e-01

     2          0   5.773197594746e-01
     2          1   3.022180956981e-01
     2          2   2.794232191461e-01
     2          3   2.552596993103e-01
     2          4   2.548708920996e-01
     2          5   2.543214531971e-01
     2          6   2.539656819696e-01
     2          7   2.536985046130e-01
     2          8   2.536054364691e-01
     2          9   2.535982354695e-01
     2         10   2.535980332565e-01
     2         11   2.535980271815e-01

     3          0   7.789360697658e-01
     3          1   3.326589050547e-01
     3          2   2.733785088205e-01
     3          3   2.592151299995e-01
     3          4   2.566539908327e-01
     3          5   2.549792927848e-01
     3          6   2.540082091003e-01
     3          7   2.538745683382e-01
     3          8   2.537922984007e-01
     3          9   2.536948636864e-01
     3         10   2.536441333997e-01
     3         11   2.536335905487e-01
     3         12   2.536323651673e-01
     3         13   2.536314278498e-01
     3         14   2.536297739263e-01
     3         15   2.536268352816e-01
     3         16   2.536218325699e-01
     3         17   2.536145043924e-01
     3         18   2.536098483008e-01
     3         19   2.536077187612e-01
     3         20   2.536065327900e-01
     3         21   2.536055843527e-01
     3         22   2.536040686006e-01
     3         23   2.536017390948e-01
     3         24   2.535992743313e-01
     3         25   2.535982344748e-01
     3         26   2.535980378741e-01
     3         27   2.535980273677e-01

     4          0   4.418572130211e-01
     4          1   2.873512008820e-01
     4          2   2.606373314834e-01
     4          3   2.592353703864e-01
     4          4   2.569997526570e-01
     4          5   2.551758815429e-01
     4          6   2.546550067544e-01
     4          7   2.540043974261e-01
     4          8   2.538761050539e-01
     4          9   2.538313310359e-01
     4         10   2.537920392133e-01
     4         11   2.537599963499e-01
     4         12   2.537344268201e-01
     4         13   2.537024500662e-01
     4         14   2.536628322191e-01
     4         15   2.536270646587e-01
     4         16   2.536102180596e-01
     4         17   2.536066630442e-01
     4         18   2.536056375367e-01
     4         19   2.536044863620e-01
     4         20   2.536026920642e-01
     4         21   2.536003527331e-01
     4         22   2.535990452004e-01
     4         23   2.535987447336e-01
     4         24   2.535987279747e-01
     4         25   2.535987261717e-01
     4         26   2.535987234106e-01
     4         27   2.535987188342e-01
     4         28   2.535987116731e-01
     4         29   2.535987039957e-01
     4         30   2.535986997211e-01
     4         31   2.535986949920e-01
     4         32   2.535986881910e-01
     4         33   2.535986762277e-01
     4         34   2.535986544914e-01
     4         35   2.535986148458e-01
     4         36   2.535985436272e-01
     4         37   2.535984208061e-01
     4         38   2.535982329800e-01
     4         39   2.535980995157e-01
     4         40   2.535980381342e-01
     4         41   2.535980289074e-01
     4         42   2.535980282822e-01

     5          0   3.844580790560e-01
     5          1   3.141468482879e-01
     5          2   2.628987863251e-01
     5          3   2.612230988174e-01
     5          4   2.587152566177e-01
     5          5   2.550428609626e-01
     5          6   2.539598028350e-01
     5          7   2.538904550699e-01
     5          8   2.537956768115e-01
     5          9   2.537482041451e-01
     5         10   2.536932046117e-01
     5         11   2.536519856783e-01
     5         12   2.536381034039e-01
     5         13   2.536330563146e-01
     5         14   2.536285337046e-01
     5         15   2.536213989042e-01
     5         16   2.536131319235e-01
     5         17   2.536099010154e-01
     5         18   2.536082103612e-01
     5         19   2.536066399172e-01
     5         20   2.536042617006e-01
     5         21   2.536019950334e-01
     5         22   2.536010948850e-01
     5         23   2.536008615539e-01
     5         24   2.536007024847e-01
     5         25   2.536004304595e-01
     5         26   2.535999499994e-01
     5         27   2.535991071310e-01
     5         28   2.535977177842e-01
     5         29   2.535959258260e-01
     5         30   2.535952068728e-01
     5         31   2.535948039277e-01
     5         32   2.535947549596e-01
     5         33   2.535947215880e-01
     5         34   2.535946621463e-01
     5         35   2.535945540997e-01
     5         36   2.535943598039e-01
     5         37   2.535940284032e-01
     5         38   2.535935605526e-01
     5         39   2.535932932882e-01
     5         40   2.535930580309e-01
     5         41   2.535927929909e-01
     5         42   2.535925177850e-01
     5         43   2.535920141288e-01
     5         44   2.535881038755e-01
     5         45   2.535813443950e-01
     5         46   2.535767234939e-01
     5         47   2.535686364640e-01
     5         48   2.535544576893e-01
     5         49   2.535306507350e-01
     5         50   2.534985889595e-01
     5         51   2.534453792761e-01
     5         52   2.532272602469e-01
     5         53   2.529766451656e-01
     5         54   2.525166722756e-01
     5         55   2.516215246400e-01
     5         56   2.501881899738e-01
     5         57   2.488680427131e-01
     5         58   2.480722654289e-01
     5         59   2.465937166712e-01
     5         60   2.352971774622e-01
     5         61   2.176764622977e-01
     5         62   2.092782769649e-01
     5         63   2.073985095485e-01
     5         64   2.038476390744e-01
     5         65   1.970335754511e-01
     5         66   1.843883528990e-01
     5         67   1.636582326262e-01
     5         68   1.517336859108e-01
     5         69   1.420430687483e-01
     5         70   1.359900801822e-01
     5         71   1.264389819680e-01
     5         72   1.140766163152e-01
     5         73   1.115145722780e-01
     5         74   1.092871996949e-01
     5         75   1.063088655053e-01
     5         76   1.023244373580e-01
     5         77   9.848390073005e-02
     5         78   9.486761208051e-02
     5         79   9.000448327279e-02
     5         80   8.352739223548e-02
     5         81   7.923059297172e-02
     5         82   7.330710343344e-02
     5         83   6.846615706157e-02
     5         84   6.311260490057e-02
     5         85   5.954609276696e-02
     5         86   5.487651207660e-02
     5         87   5.024384082686e-02
     5         88   4.556569945922e-02
     5         89   4.072065006178e-02
     5         90   3.393843389443e-02
     5         91   2.838476453622e-02
     5         92   2.672372215230e-02
     5         93   2.412313492902e-02
     5         94   2.065734256034e-02
     5         95   1.804612908101e-02
     5         96   1.601246994263e-02
     5         97   1.389986922689e-02
     5         98   1.304833594824e-02
     5         99   1.272034381793e-02
     5        100   1.246253956904e-02
     5        101   1.227275959221e-02
     5        102   1.206624580987e-02
     5        103   1.191019511968e-02
     5        104   1.178055647546e-02
     5        105   1.164415415803e-02
     5        106   1.154213465777e-02
     5        107   1.141754913124e-02
     5        108   1.131888779993e-02
     5        109   1.122292752973e-02
     5        110   1.110978426936e-02
     5        111   1.099395944117e-02
     5        112   1.083339730690e-02
     5        113   1.068125729372e-02
     5        114   1.058917425535e-02
     5        115   1.054996641015e-02
     5        116   1.052049615599e-02
     5        117   1.047759645208e-02
     5        118   1.041830624215e-02
     5        119   1.037518604949e-02
     5        120   1.035150491085e-02
     5        121   1.031809784363e-02
     5        122   1.028933564622e-02
     5        123   1.025343261410e-02
     5        124   1.020957266156e-02
     5        125   1.017690022348e-02
     5        126   1.016180866306e-02
     5        127   1.015618529583e-02
     5        128   1.015521013090e-02
     5        129   1.015475032242e-02
     5        130   1.015438603666e-02
     5        131   1.015425446988e-02
     5        132   1.015420309201e-02
     5        133   1.015419017537e-02
     5        134   1.015418801002e-02
     5        135   1.015418762114e-02
     5        136   1.015418756345e-02

     6          0   2.107706583849e-01
     6          1   2.166526685150e-02
     6          2   1.396198108540e-02
     6          3   1.027991620869e-02
     6          4   1.019731584879e-02
     6          5   1.015498964774e-02
     6          6   1.013217093805e-02
     6          7   1.011524989180e-02
     6          8   1.009621629148e-02
     6          9   1.007692324379e-02
     6         10   1.006271506277e-02
     6         11   1.004217365469e-02
     6         12   1.003606343059e-02
     6         13   1.003065032092e-02
     6         14   1.002722345732e-02
     6         15   1.002288841682e-02
     6         16   1.001472619031e-02
     6         17   9.947518492773e-03
     6         18   9.866088983368e-03
     6         19   9.791400059131e-03
     6         20   9.648205464551e-03
     6         21   9.382463518204e-03
     6         22   8.943039305892e-03
     6         23   8.415353273649e-03
     6         24   8.247590536129e-03
     6         25   7.969086960252e-03
     6         26   7.471578630109e-03
     6         27   6.672304259947e-03
     6         28   5.967846982770e-03
     6         29   5.415617672957e-03
     6         30   4.609212286718e-03
     6         31   3.827936707247e-03
     6         32   3.645409861654e-03
     6         33   3.364139713320e-03
     6         34   3.110542959563e-03
     6         35   2.960338970405e-03
     6         36   2.712408715783e-03
     6         37   2.363321674467e-03
     6         38   2.150101152538e-03
     6         39   1.980553484348e-03
     6         40   1.851148329061e-03
     6         41   1.769792867885e-03
     6         42   1.688147946415e-03
     6         43   1.567098918631e-03
     6         44   1.462040922015e-03
     6         45   1.392837355238e-03
     6         46   1.328543557302e-03
     6         47   1.260519807088e-03
     6         48   1.171735698432e-03
     6         49   1.042058381652e-03
     6         50   8.791876071862e-04
     6         51   8.437765741740e-04
     6         52   7.826265952434e-04
     6         53   7.064759127573e-04
     6         54   6.887181783825e-04
     6         55   6.674268365906e-04
     6         56   6.333438717075e-04
     6         57   5.814060195362e-04
     6         58   5.183967232749e-04
     6         59   4.513563635075e-04
     6         60   3.710243423050e-04
     6         61   3.173481016606e-04
     6         62   2.942016936264e-04
     6         63   2.724768114852e-04
     6         64   2.645032975795e-04
     6         65   2.538453840694e-04
     6         66   2.438333023086e-04
     6         67   2.286647195244e-04
     6         68   2.073773274508e-04
     6         69   1.869290910238e-04
     6         70   1.720634265147e-04
     6         71   1.651824437060e-04
     6         72   1.624106994472e-04
     6         73   1.617244690144e-04
     6         74   1.612166547190e-04
     6         75   1.609758877251e-04
     6         76   1.605799479699e-04
     6         77   1.599946926908e-04
     6         78   1.594868302836e-04
     6         79   1.590560059790e-04
     6         80   1.587272643425e-04
     6         81   1.585631324909e-04
     6         82   1.584904624431e-04
     6         83   1.584112696321e-04
     6         84   1.582849923554e-04
     6         85   1.580839787299e-04
     6         86   1.577877974975e-04
     6         87   1.574986307989e-04
     6         88   1.572135063362e-04
     6         89   1.569714918663e-04
     6         90   1.567500523728e-04
     6         91   1.564744329353e-04
     6         92   1.560459953910e-04
     6         93   1.553630454808e-04
     6         94   1.542790455372e-04
     6         95   1.526919210778e-04
     6         96   1.513147467833e-04
     6         97   1.504679367526e-04
     6         98   1.499668480087e-04
     6         99   1.496153183882e-04
     6        100   1.494648579314e-04
     6        101   1.493980156400e-04
     6        102   1.493825230541e-04
     6        103   1.493781624060e-04
     6        104   1.493772484092e-04
     6        105   1.493767054154e-04

